0 1.33203125
1 -1.2571915301
2 -4.32234680957
3 -6.73800977969
4 -8.14532908742
5 -8.56988425716
6 -8.43600919544
7 -8.01399309524
8 -7.49944777914
9 -7.19397737764
10 -7.35694634879
11 -8.22717659378
12 -10.0505114651
13 -13.1986290114
14 -17.4155350761
15 -21.6976885076
16 -25.1388359849
17 -27.781437903
18 -30.2218621064
19 -32.6428792355
20 -34.6957606296
21 -36.1722275324
22 -37.4454730139
23 -39.1106816829
24 -41.4688313682
25 -44.0828891359
26 -46.3354665635
27 -47.9120945821
28 -48.9027908624
29 -49.4848386832
30 -49.5001520157
31 -49.1864786079
32 -49.1941193251
33 -50.4291154454
34 -53.3356796512
35 -57.0749003316
36 -60.0472716953
37 -62.0027574831
38 -63.142005897
39 -63.5204846095
40 -63.0985644755
41 -61.3353216991
42 -58.8278610928
43 -57.1864733601
44 -57.5792186025
45 -59.9295056794
46 -62.6166469814
47 -64.4112837218
48 -65.2949564001
49 -65.9362897353
50 -67.0498975294
51 -68.9001438553
52 -71.4557113563
53 -74.5180433631
54 -77.7667046675
55 -80.8256843783
56 -83.2573851253
57 -85.2416635333
58 -87.2348202656
59 -89.4144417661
60 -91.8634174616
61 -94.5547449365
62 -97.4092799456
63 -100.337966366
64 -103.276025621
65 -106.296765428
66 -109.613131548
67 -113.122822832
68 -116.452597171
69 -119.27396358
70 -121.233524144
71 -122.379446174
72 -122.968072545
73 -123.718915116
74 -125.584006726
75 -128.70291908
76 -133.027010401
77 -138.950345135
78 -147.377587139
79 -159.119885374
80 -174.680120783
81 -193.713436167
82 -216.40304279
83 -245.346392707
84 -283.398818535
85 -329.100792863
86 -376.000559368
87 -417.27156644
88 -453.616018197
89 -487.261987206
90 -520.621090679
91 -555.274669761
92 -590.740966805
93 -625.741572056
94 -657.867691855
95 -686.062310925
96 -712.628687378
97 -739.205906734
98 -765.557387703
99 -789.855474107
100 -810.988080366
101 -830.417937273
102 -849.721474483
103 -869.851672708
104 -890.042318642
105 -909.683501171
106 -929.481106015
107 -950.900421098
108 -973.476794196
109 -994.558303763
110 -1013.59819149
111 -1032.73971115
112 -1054.83292811
113 -1079.871042
114 -1107.34658554
115 -1136.2627059
116 -1167.13407712
117 -1199.37642469
118 -1233.26133213
119 -1271.05556511
120 -1316.16655846
121 -1369.84790731
122 -1429.03629524
123 -1491.70739161
124 -1557.88734777
125 -1629.87603984
126 -1703.82540753
127 -1771.9150799
128 -1834.56204606
129 -1904.70391171
130 -1990.01301693
131 -2082.37981742
132 -2161.70344429
133 -2214.15782957
134 -2246.37377601
135 -2268.52202326
136 -2289.3144506
137 -2312.75831379
138 -2340.42937373
139 -2371.72767599
140 -2403.80593786
141 -2433.24573769
142 -2459.32355114
143 -2483.27140286
144 -2506.25711864
145 -2529.2572309
146 -2551.5802001
147 -2571.64697495
148 -2588.52138598
149 -2601.90606388
150 -2613.64145883
151 -2627.17271604
152 -2643.92195184
153 -2662.7623726
154 -2681.86086927
155 -2698.80223392
156 -2712.4202196
157 -2723.56172773
158 -2733.79478303
159 -2742.75999065
160 -2750.01633237
161 -2756.67576971
162 -2765.42616143
163 -2779.0115103
164 -2798.26602191
165 -2820.32735695
166 -2841.51868298
167 -2859.3542195
168 -2869.62656331
169 -2871.59304949
170 -2868.07117266
171 -2859.54443681
172 -2849.30713023
173 -2841.60214526
174 -2839.36015117
175 -2840.05001624
176 -2842.11452365
177 -2846.62954326
178 -2855.56471448
179 -2869.97825353
180 -2885.03534629
181 -2895.76455593
182 -2900.85176777
183 -2902.41500195
184 -2903.6505535
185 -2904.77162694
186 -2904.68322998
187 -2906.19905249
188 -2910.46319346
189 -2916.70926014
190 -2923.37439078
191 -2930.17797876
192 -2942.8556204
193 -2964.99527612
194 -2994.09626812
195 -3021.75222365
196 -3043.15464403
197 -3055.74273726
198 -3061.90449734
199 -3064.6280655
200 -3060.74820535
201 -3051.65235492
202 -3042.80046766
203 -3041.55920562
204 -3052.19440879
205 -3068.0465538
206 -3079.66810893
207 -3077.29411613
208 -3052.95591369
209 -3013.52301771
210 -2977.28591074
211 -2962.86615587
212 -2977.01069458
213 -3008.29914282
214 -3043.90951882
215 -3073.33696809
216 -3092.01884139
217 -3103.18285486
218 -3110.39418145
219 -3114.90259087
220 -3114.27196181
221 -3104.87112903
222 -3090.38617187
223 -3075.68828381
224 -3065.16284797
225 -3058.38013881
226 -3058.33562565
227 -3065.47043162
228 -3075.50747908
229 -3083.23539682
230 -3088.92595988
231 -3095.21154842
232 -3102.54547328
233 -3105.14699921
234 -3096.86195451
235 -3084.77521513
236 -3085.57195807
237 -3111.85837973
238 -3147.33090014
239 -3171.02463945
240 -3176.73807642
241 -3175.18774499
242 -3175.42265125
243 -3175.7589733
244 -3168.50364576
245 -3151.15004557
246 -3127.77412225
247 -3107.10934319
248 -3099.35340144
249 -3114.4392963
250 -3153.72536095
251 -3198.24300622
252 -3230.80688667
253 -3245.74360283
254 -3251.91223824
255 -3255.11487598
256 -3256.69314644
257 -3253.77643183
258 -3245.15481188
259 -3231.34632324
260 -3215.38767575
261 -3202.50288443
262 -3195.89777877
263 -3192.60870393
264 -3185.69670758
265 -3176.75945981
266 -3173.59629598
267 -3179.62675805
268 -3194.58210229
269 -3214.98439449
270 -3244.66658701
271 -3280.83764781
272 -3312.14695669
273 -3329.28056774
274 -3326.47547012
275 -3307.88947268
276 -3283.42919036
277 -3265.13215403
278 -3261.37027691
279 -3271.3534994
280 -3291.33708816
281 -3315.2141205
282 -3337.28041899
283 -3354.76263653
284 -3363.57536597
285 -3364.19633539
286 -3361.45913224
287 -3363.65417715
288 -3373.89842688
289 -3387.28722902
290 -3395.68540973
291 -3400.59966577
292 -3404.50196772
293 -3409.1461865
294 -3415.79824969
295 -3424.44217855
296 -3436.80421314
297 -3454.603914
298 -3478.53307407
299 -3508.71999446
300 -3540.33266206
301 -3566.51016205
302 -3581.13331092
303 -3580.85986507
304 -3570.55291292
305 -3557.27456855
306 -3547.08124464
307 -3541.95863122
308 -3539.1720943
309 -3538.20718397
310 -3538.40218458
311 -3539.69972735
312 -3542.07432388
313 -3544.29413891
314 -3545.28364814
315 -3544.54810924
316 -3542.69652002
317 -3539.24471943
318 -3534.08732256
319 -3527.63555394
320 -3520.34506819
321 -3513.41068907
322 -3507.66919884
323 -3503.43950852
324 -3500.30548503
325 -3498.35296286
326 -3497.64915254
327 -3498.0831517
328 -3499.77270312
329 -3501.93900609
330 -3503.21086934
331 -3502.77022816
332 -3500.62791939
333 -3497.51875775
334 -3494.77315595
335 -3493.74447589
336 -3494.86563901
337 -3497.32114002
338 -3499.96140434
339 -3501.90145848
340 -3502.74479341
341 -3502.35237046
342 -3500.52275367
343 -3497.66838454
344 -3494.2168953
345 -3490.66670591
346 -3488.79381021
347 -3489.95974104
348 -3495.28792552
349 -3504.63764432
350 -3515.95134321
351 -3526.71598596
352 -3534.96439479
353 -3541.43901721
354 -3545.40524897
355 -3546.23969438
356 -3543.34093343
357 -3536.28545983
358 -3526.81341821
359 -3517.28398729
360 -3510.13941181
361 -3505.57119322
362 -3503.02174834
363 -3502.28990459
364 -3503.07974537
365 -3505.48367581
366 -3508.91200315
367 -3512.64560872
368 -3516.32408896
369 -3520.16709997
370 -3524.55590413
371 -3529.9118706
372 -3536.45493616
373 -3544.24306059
374 -3552.57338385
375 -3560.76719301
376 -3568.70497841
377 -3578.36203211
378 -3590.32585156
379 -3602.6091955
380 -3611.28923302
381 -3613.38064757
382 -3611.15817353
383 -3608.25970054
384 -3607.56096323
385 -3609.76403172
386 -3613.79992019
387 -3619.61772857
388 -3627.08979277
389 -3635.73128042
390 -3644.02380005
391 -3650.92491442
392 -3657.56270111
393 -3666.70793567
394 -3679.81141262
395 -3696.78633843
396 -3717.01447963
397 -3739.00524338
398 -3762.5539664
399 -3786.81784276
400 -3810.56633852
401 -3832.72931389
402 -3852.74345237
403 -3871.20889014
404 -3889.06025976
405 -3907.051498
406 -3924.949451
407 -3942.48498061
408 -3959.52990583
409 -3975.96457486
410 -3992.93595283
411 -4009.35868635
412 -4022.82961309
413 -4030.59212601
414 -4031.94233138
415 -4028.87338172
416 -4023.55263325
417 -4017.57588756
418 -4010.70252779
419 -4002.99549363
420 -3995.21017475
421 -3987.99253562
422 -3981.23447285
423 -3975.12853334
424 -3970.14871443
425 -3966.72252813
426 -3964.76914563
427 -3964.06691731
428 -3964.70358872
429 -3966.76040987
430 -3969.91778221
431 -3973.89375712
432 -3978.37290846
433 -3983.23493915
434 -3988.54567853
435 -3994.18680234
436 -3999.71329818
437 -4004.71309745
438 -4008.96866582
439 -4012.59027621
440 -4015.55475399
441 -4018.01562451
442 -4020.06123877
443 -4021.64141308
444 -4022.76701212
445 -4023.49994903
446 -4023.89696548
447 -4023.92900083
448 -4023.82975318
449 -4023.81579019
450 -4023.99623984
451 -4024.33342252
452 -4024.80114882
453 -4025.39310023
454 -4026.06366775
455 -4026.81422502
456 -4027.67752252
457 -4028.69179871
458 -4029.95857587
459 -4031.73060393
460 -4033.79333181
461 -4035.63847838
462 -4036.95680695
463 -4037.96573098
464 -4039.01850111
465 -4040.2842297
466 -4041.7275838
467 -4043.14684933
468 -4044.48717579
469 -4045.72450109
470 -4046.90905245
471 -4048.01696351
472 -4049.0071058
473 -4049.76863844
474 -4050.17051271
475 -4050.21405125
476 -4050.06606252
477 -4049.84513007
478 -4049.51683211
479 -4048.88860543
480 -4048.1149012
481 -4047.54758685
482 -4047.4691678
483 -4047.93816491
484 -4048.86125603
485 -4050.1012313
486 -4051.47955705
487 -4052.92846666
488 -4054.44979833
489 -4056.01655269
490 -4057.59066057
491 -4059.2268953
492 -4061.00650462
493 -4062.81934743
494 -4064.4814665
495 -4065.82221569
496 -4066.84722154
497 -4067.62669103
498 -4068.30623014
499 -4069.04641874
500 -4069.95876337
501 -4071.1906065
502 -4072.9220215
503 -4075.18508721
504 -4078.00499563
505 -4081.08930088
506 -4084.05815901
507 -4086.6532373
508 -4088.97509797
509 -4091.02757054
510 -4092.83818774
511 -4094.41774606
512 -4095.82254209
513 -4097.14609687
514 -4098.44784249
515 -4099.89110072
516 -4101.7814492
517 -4104.15834974
518 -4106.63725705
519 -4108.62104184
520 -4110.21785789
521 -4111.0936268
522 -4110.3462286
523 -4106.30940199
524 -4097.88742517
525 -4084.14166313
526 -4066.64379375
527 -4047.8185505
528 -4025.2314715
529 -4002.98493193
530 -3986.08832384
531 -3978.97208538
532 -3981.60087235
533 -3992.29372558
534 -4009.55490381
535 -4030.34923575
536 -4053.59404153
537 -4075.70180889
538 -4093.8445852
539 -4107.62836322
540 -4117.11701239
541 -4124.04050519
542 -4129.80193437
543 -4135.10499426
544 -4139.07681307
545 -4141.42186804
546 -4142.88626703
547 -4144.56718615
548 -4147.2853255
549 -4149.84069577
550 -4150.91951922
551 -4150.15266538
552 -4148.37764048
553 -4146.94065471
554 -4146.2376778
555 -4145.99115038
556 -4145.82711853
557 -4145.49075105
558 -4145.01916812
559 -4144.59361247
560 -4144.18192475
561 -4143.70583983
562 -4143.16320772
563 -4142.69430179
564 -4142.51273446
565 -4142.63250609
566 -4143.00983738
567 -4143.53226183
568 -4144.22743411
569 -4145.13583067
570 -4146.15793908
571 -4147.18496089
572 -4148.16040966
573 -4149.22285787
574 -4150.43756832
575 -4151.58297312
576 -4152.24918007
577 -4152.27199266
578 -4151.95737174
579 -4151.91937261
580 -4152.36397825
581 -4153.51284085
582 -4155.90158083
583 -4159.32714254
584 -4163.27066773
585 -4166.55483204
586 -4168.39659336
587 -4169.07676498
588 -4169.220293
589 -4169.0860852
590 -4168.85210165
591 -4168.76474782
592 -4168.95167839
593 -4169.37600903
594 -4170.41547904
595 -4172.17592302
596 -4174.30530615
597 -4175.92275945
598 -4177.59668556
599 -4181.38444672
600 -4190.82286531
601 -4204.8434145
602 -4215.66187441
603 -4217.1996441
604 -4209.26368892
605 -4197.92512788
606 -4187.98523618
607 -4180.89781194
608 -4175.5997373
609 -4171.15137819
610 -4167.83682619
611 -4166.3200824
612 -4167.54563092
613 -4171.88674233
614 -4177.8668144
615 -4183.06759798
616 -4185.85742858
617 -4186.32482059
618 -4184.00874659
619 -4179.2348158
620 -4172.59538989
621 -4164.39429248
622 -4155.3184276
623 -4145.85047586
624 -4135.90686228
625 -4124.88090299
626 -4113.96413146
627 -4104.93259419
628 -4099.16174486
629 -4096.57855157
630 -4097.21589796
631 -4100.29622173
632 -4104.32628597
633 -4107.61209914
634 -4109.44076914
635 -4110.78930442
636 -4112.89396355
637 -4115.69401711
638 -4118.70710053
639 -4121.56767221
640 -4124.20369494
641 -4126.95323225
642 -4130.09312065
643 -4133.40463412
644 -4136.19520705
645 -4138.04305671
646 -4138.48382891
647 -4137.39832162
648 -4134.9880504
649 -4131.33111288
650 -4127.13303305
651 -4123.59034074
652 -4121.72224258
653 -4121.4577977
654 -4122.986267
655 -4125.33809608
656 -4128.23619734
657 -4131.18258758
658 -4133.82872501
659 -4136.08398131
660 -4137.85107483
661 -4138.92822819
662 -4139.31761906
663 -4139.25752817
664 -4139.44738708
665 -4140.29755735
666 -4142.13771039
667 -4145.3306216
668 -4150.2684965
669 -4157.13281641
670 -4163.58019112
671 -4167.8974439
672 -4169.9249385
673 -4170.18443234
674 -4170.6804083
675 -4173.82894317
676 -4182.09884465
677 -4196.77193394
678 -4215.50219693
679 -4234.21174875
680 -4249.06461008
681 -4260.65121398
682 -4266.48724747
683 -4263.92285484
684 -4253.64832097
685 -4238.44799256
686 -4222.42816937
687 -4208.6838921
688 -4199.20944541
689 -4194.55830853
690 -4192.70184104
691 -4192.20522844
692 -4191.55090289
693 -4189.93598242
694 -4188.16138636
695 -4187.0956641
696 -4187.96415866
697 -4190.50261469
698 -4193.60081407
699 -4196.60708904
700 -4199.64755562
701 -4203.1191257
702 -4206.81269562
703 -4210.47650517
704 -4214.02089226
705 -4217.88631938
706 -4222.10045321
707 -4225.97007983
708 -4228.41558983
709 -4229.22350959
710 -4229.45757929
711 -4230.79456748
712 -4234.16025958
713 -4239.18997934
714 -4246.20257001
715 -4254.89144699
716 -4264.96139506
717 -4276.47716277
718 -4287.51521801
719 -4295.87018074
720 -4299.56663607
721 -4299.09210142
722 -4296.4839772
723 -4293.940959
724 -4292.43450721
725 -4290.93080459
726 -4289.46338961
727 -4288.3799527
728 -4288.31547294
729 -4289.55594467
730 -4291.80292524
731 -4294.64466636
732 -4297.79212557
733 -4301.39891947
734 -4305.22227977
735 -4309.14789955
736 -4313.17529802
737 -4317.27789983
738 -4321.47547601
739 -4325.79830014
740 -4330.24299147
741 -4334.87965255
742 -4339.60332773
743 -4344.19019471
744 -4348.479966
745 -4352.70187553
746 -4357.356454
747 -4362.57904728
748 -4368.1391269
749 -4373.67346709
750 -4378.82688764
751 -4383.46902798
752 -4387.70535907
753 -4391.71624283
754 -4395.71397542
755 -4399.80379734
756 -4404.14123444
757 -4408.6693389
758 -4412.97313352
759 -4416.92359565
760 -4420.85428991
761 -4425.12705037
762 -4429.7668748
763 -4434.61517957
764 -4439.5922161
765 -4444.39594487
766 -4448.6418363
767 -4452.35697531
768 -4456.00313891
769 -4460.00369419
770 -4464.15958213
771 -4467.83610852
772 -4470.70212284
773 -4473.0510295
774 -4475.30506845
775 -4477.80871351
776 -4480.79448439
777 -4484.25859709
778 -4488.06192102
779 -4491.94636468
780 -4495.67608177
781 -4499.05713661
782 -4501.90082195
783 -4504.08044347
784 -4505.02956041
785 -4505.41235617
786 -4506.15079105
787 -4508.05656611
788 -4511.07579035
789 -4514.33799374
790 -4517.38129129
791 -4520.16419085
792 -4523.06469201
793 -4525.84649617
794 -4528.27509782
795 -4530.53903576
796 -4532.77641877
797 -4535.0874612
798 -4537.31472462
799 -4539.13483873
800 -4540.77331575
801 -4542.13157861
802 -4542.95077129
803 -4542.97204548
804 -4542.2632667
805 -4541.27655823
806 -4540.29640456
807 -4539.98384543
808 -4540.28964452
809 -4542.06848774
810 -4545.36798598
811 -4549.45704678
812 -4554.20347484
813 -4559.33684042
814 -4564.50366755
815 -4569.36723038
816 -4574.4335772
817 -4579.6989592
818 -4585.14505766
819 -4590.94753903
820 -4597.39629183
821 -4604.48609777
822 -4612.09074384
823 -4620.13103146
824 -4628.74764235
825 -4637.50768336
826 -4646.2498232
827 -4654.81191733
828 -4663.32237187
829 -4671.16403472
830 -4676.53191674
831 -4676.47410241
832 -4669.74885011
833 -4659.66229218
834 -4650.02093466
835 -4642.12870848
836 -4633.96807358
837 -4626.35087563
838 -4621.49439244
839 -4621.40674654
840 -4625.91331006
841 -4634.53328898
842 -4645.83705885
843 -4659.06377003
844 -4673.89711859
845 -4687.30612691
846 -4695.92014711
847 -4698.5030565
848 -4696.33213897
849 -4690.47096639
850 -4681.58621173
851 -4669.19034144
852 -4653.70623311
853 -4636.84202185
854 -4621.32625415
855 -4609.10948974
856 -4600.50196674
857 -4594.67358662
858 -4589.36080708
859 -4583.6998368
860 -4578.5693927
861 -4574.91967831
862 -4573.48563932
863 -4573.91117868
864 -4575.93946629
865 -4578.89636784
866 -4581.81407903
867 -4582.44487345
868 -4582.22129507
869 -4583.08156534
870 -4585.93930237
871 -4588.28834202
872 -4587.91617958
873 -4584.00687849
874 -4576.9391605
875 -4567.72224814
876 -4556.81995666
877 -4545.11388468
878 -4533.69828981
879 -4523.92288509
880 -4516.67061439
881 -4512.1990477
882 -4510.84000625
883 -4513.16844852
884 -4519.40817009
885 -4528.33049933
886 -4537.92044804
887 -4547.37617067
888 -4554.87999677
889 -4559.36379651
890 -4560.61829703
891 -4559.76940238
892 -4557.80990618
893 -4556.20289741
894 -4556.30849978
895 -4558.88172809
896 -4564.85452124
897 -4574.29346268
898 -4586.0962936
899 -4599.21553438
900 -4612.37370136
901 -4624.00352868
902 -4633.26242346
903 -4639.99292331
904 -4644.66024157
905 -4647.43271593
906 -4648.36157921
907 -4646.51025157
908 -4640.21386592
909 -4628.16803272
910 -4609.23723175
911 -4586.32855902
912 -4563.47137811
913 -4542.8396302
914 -4522.97505605
915 -4502.30595877
916 -4481.54746256
917 -4461.47846043
918 -4442.34652215
919 -4424.69189279
920 -4408.80431883
921 -4394.37385923
922 -4380.60346796
923 -4366.09467257
924 -4349.60734596
925 -4330.7522626
926 -4309.32421349
927 -4285.27300515
928 -4259.22948544
929 -4232.37372539
930 -4204.44589018
931 -4175.47230459
932 -4145.71926559
933 -4115.65982114
934 -4087.92490206
935 -4062.80098937
936 -4039.89710796
937 -4016.90749653
938 -3994.4241471
939 -3974.42329402
940 -3959.12984735
941 -3950.46322885
942 -3948.95124368
943 -3955.10108797
944 -3968.80615922
945 -3988.79104471
946 -4014.31575729
947 -4042.4565765
948 -4069.34486132
949 -4090.43509217
950 -4104.72326849
951 -4116.25354019
952 -4127.51676126
953 -4136.71445291
954 -4141.09145639
955 -4142.8970007
956 -4145.80606
957 -4152.86305832
958 -4162.83795588
959 -4173.94932986
960 -4184.69963676
961 -4197.49854182
962 -4213.47622097
963 -4231.33768223
964 -4249.30536102
965 -4267.48024679
966 -4287.50883138
967 -4310.27979996
968 -4335.5186971
969 -4359.96356513
970 -4381.85697473
971 -4400.98116084
972 -4418.55280528
973 -4434.03610008
974 -4446.13063529
975 -4454.6395366
976 -4460.63755668
977 -4465.95070631
978 -4470.62779266
979 -4473.54639442
980 -4473.94360221
981 -4472.21589711
982 -4469.40618728
983 -4466.36211807
984 -4462.80601597
985 -4457.43901406
986 -4451.78165884
987 -4447.69074675
988 -4446.48411485
989 -4447.38801018
990 -4450.26988949
991 -4455.29371254
992 -4464.24107738
993 -4476.96237218
994 -4491.23546301
995 -4504.55555273
996 -4517.9634705
997 -4532.06077562
998 -4544.47653757
999 -4552.57206889
1000 -4555.61308912
1001 -4554.56088805
1002 -4550.77827446
1003 -4545.65886152
1004 -4536.81203164
1005 -4525.36557039
1006 -4514.06201324
1007 -4506.1989538
1008 -4499.59624163
1009 -4493.83127496
1010 -4489.33272937
1011 -4486.63644607
1012 -4485.50093404
1013 -4484.85535286
1014 -4483.57492647
1015 -4482.17450175
1016 -4482.90777263
1017 -4485.2820231
1018 -4488.61005763
1019 -4493.25812614
1020 -4501.5099733
1021 -4512.2841295
1022 -4523.97652392
1023 -4534.60583851
1024 -4544.07874884
1025 -4552.93730507
1026 -4561.79080069
1027 -4569.52755429
1028 -4576.28189785
1029 -4584.10173376
1030 -4594.88035948
1031 -4607.76028779
1032 -4621.80707477
1033 -4637.77387976
1034 -4656.71959051
1035 -4679.42833804
1036 -4706.0543555
1037 -4736.77835058
1038 -4771.287906
1039 -4808.1303309
1040 -4844.3959011
1041 -4877.30770748
1042 -4906.69630791
1043 -4934.13339838
1044 -4957.465609
1045 -4974.30692286
1046 -4983.3261831
1047 -4986.10808517
1048 -4983.11075261
1049 -4973.20868682
1050 -4956.54731266
1051 -4933.98915292
1052 -4909.77542333
1053 -4888.36420673
1054 -4873.07927255
1055 -4863.8636789
1056 -4858.06817158
1057 -4854.29383289
1058 -4854.76461599
1059 -4860.48678042
1060 -4868.03098432
1061 -4873.60364276
1062 -4877.04132277
1063 -4879.89856033
1064 -4881.91798675
1065 -4882.53781277
1066 -4879.36955485
1067 -4874.21732413
1068 -4870.03505879
1069 -4868.87159113
1070 -4869.16531605
1071 -4871.33247806
1072 -4876.09495149
1073 -4883.92548007
1074 -4896.15609498
1075 -4908.6131099
1076 -4916.38718152
1077 -4915.91213014
1078 -4910.08934861
1079 -4897.57533333
1080 -4876.94726919
1081 -4846.85743463
1082 -4808.62932735
1083 -4768.10409695
1084 -4730.13033144
1085 -4695.19947433
1086 -4661.55073398
1087 -4632.75297504
1088 -4612.41147212
1089 -4601.88523818
1090 -4599.87044001
1091 -4605.12865463
1092 -4615.39812421
1093 -4630.32413428
1094 -4647.80939309
1095 -4664.88477126
1096 -4679.71428202
1097 -4692.81483737
1098 -4704.66564943
1099 -4715.39891154
1100 -4724.07705452
1101 -4730.15861201
1102 -4732.68342758
1103 -4732.44225634
1104 -4730.91680535
1105 -4728.34828512
1106 -4728.47236993
1107 -4734.2949116
1108 -4747.94920972
1109 -4766.25133835
1110 -4783.65491182
1111 -4797.36142253
1112 -4807.17025821
1113 -4816.53204243
1114 -4829.66794282
1115 -4848.39138817
1116 -4871.97352992
1117 -4896.86187378
1118 -4919.52801081
1119 -4937.88649288
1120 -4952.69339915
1121 -4963.82675889
1122 -4970.935278
1123 -4974.26539079
1124 -4974.65563809
1125 -4972.14007235
1126 -4966.00319625
1127 -4955.30502405
1128 -4941.18926665
1129 -4922.31123574
1130 -4896.66903929
1131 -4863.1280166
1132 -4823.58086155
1133 -4778.1495147
1134 -4725.65181354
1135 -4665.60419051
1136 -4599.0109816
1137 -4529.2331562
1138 -4459.2390091
1139 -4388.23273547
1140 -4315.23969215
1141 -4244.76654942
1142 -4181.049344
1143 -4124.28236819
1144 -4073.36748995
1145 -4028.80962324
1146 -3990.95057663
1147 -3963.64948027
1148 -3945.79847527
1149 -3933.12410661
1150 -3919.99637497
1151 -3906.91004813
1152 -3894.86214771
1153 -3885.88236699
1154 -3883.03295637
1155 -3886.82583556
1156 -3902.54456878
1157 -3934.56286868
1158 -3983.1816537
1159 -4045.70196998
1160 -4118.7928138
1161 -4198.90050929
1162 -4283.85299101
1163 -4374.02040171
1164 -4468.44664372
1165 -4565.96088776
1166 -4662.3839896
1167 -4752.39732164
1168 -4833.34896462
1169 -4905.25132927
1170 -4970.65973832
1171 -5026.62401854
1172 -5070.96991539
1173 -5102.40739412
1174 -5120.25722962
1175 -5124.95391835
1176 -5117.71766559
1177 -5098.93523191
1178 -5070.17631082
1179 -5033.46448252
1180 -4991.3956526
1181 -4947.21881441
1182 -4904.20475421
1183 -4864.36340989
1184 -4825.67051405
1185 -4789.22067937
1186 -4757.62571839
1187 -4733.26282377
1188 -4717.44531785
1189 -4711.09903491
1190 -4715.53499612
1191 -4731.84831469
1192 -4757.66323831
1193 -4790.71513558
1194 -4828.05760321
1195 -4864.47856306
1196 -4893.87259345
1197 -4912.44729603
1198 -4924.32465428
1199 -4933.53155552
1200 -4938.90291762
1201 -4933.90049321
1202 -4924.60905052
1203 -4918.11288644
1204 -4918.53451647
1205 -4923.36304421
1206 -4926.49522498
1207 -4916.57507199
1208 -4888.52225682
1209 -4840.41067212
1210 -4765.76990411
1211 -4663.93537276
1212 -4531.97919837
1213 -4390.41158976
1214 -4273.0596504
1215 -4193.36539032
1216 -4144.71382438
1217 -4105.88330019
1218 -4062.38072449
1219 -4008.36547797
1220 -3947.0552257
1221 -3884.02981187
1222 -3823.89551659
1223 -3769.81166315
1224 -3716.24947154
1225 -3666.40742793
1226 -3625.88263249
1227 -3601.5025507
1228 -3592.49321803
1229 -3597.63342042
1230 -3615.02262213
1231 -3643.85042803
1232 -3681.1872921
1233 -3719.61641539
1234 -3755.23726726
1235 -3787.94870036
1236 -3820.64234922
1237 -3854.56206696
1238 -3887.81995638
1239 -3915.87778103
1240 -3937.21819906
1241 -3952.42196709
1242 -3963.23710475
1243 -3968.47227097
1244 -3967.65958513
1245 -3961.80944394
1246 -3952.39777839
1247 -3941.75293856
1248 -3934.87787922
1249 -3934.57241167
1250 -3939.35889055
1251 -3947.21035633
1252 -3960.35636179
1253 -3982.40409166
1254 -4012.89318844
1255 -4048.37431838
1256 -4087.31929787
1257 -4127.68551125
1258 -4172.41953042
1259 -4214.55143306
1260 -4246.80472451
1261 -4266.40844661
1262 -4278.46547831
1263 -4284.72427213
1264 -4285.39289897
1265 -4280.43161571
1266 -4270.47971267
1267 -4259.3920061
1268 -4249.97967054
1269 -4244.0617669
1270 -4240.45343846
1271 -4238.03966768
1272 -4235.23410025
1273 -4238.23836312
1274 -4248.13569039
1275 -4240.78839339
1276 -4179.34104016
1277 -4030.65704924
1278 -3851.39837056
1279 -3722.50184241
1280 -3694.91030728
1281 -3741.25637654
1282 -3827.92132928
1283 -3930.19290617
1284 -4040.62287253
1285 -4166.17634361
1286 -4267.90424323
1287 -4325.60943868
1288 -4347.84086301
1289 -4357.66958317
1290 -4367.03249827
1291 -4377.01821742
1292 -4385.94485228
1293 -4394.15152176
1294 -4400.99327638
1295 -4404.37264611
1296 -4401.60893911
1297 -4393.15568709
1298 -4382.83792374
1299 -4373.52430091
1300 -4362.97473162
1301 -4353.46720767
1302 -4349.01564221
1303 -4354.28146597
1304 -4370.90350257
1305 -4394.68362453
1306 -4418.84129689
1307 -4439.03087651
1308 -4455.61767833
1309 -4466.02756254
1310 -4467.96825703
1311 -4457.65870537
1312 -4436.69727791
1313 -4411.45394613
1314 -4389.13103516
1315 -4369.95440087
1316 -4354.53189157
1317 -4343.98415941
1318 -4340.41466773
1319 -4348.53810048
1320 -4361.78016451
1321 -4372.44245184
1322 -4375.02029412
1323 -4376.46770239
1324 -4380.63960338
1325 -4387.39025855
1326 -4391.43517009
1327 -4392.06400526
1328 -4396.01646237
1329 -4408.74581479
1330 -4427.10632819
1331 -4445.89381863
1332 -4462.77637899
1333 -4476.7945687
1334 -4485.71176498
1335 -4490.79627723
1336 -4495.05057519
1337 -4500.60227945
1338 -4505.6895392
1339 -4508.03713501
1340 -4506.81161002
1341 -4502.92051637
1342 -4498.16815286
1343 -4493.47610943
1344 -4488.27456748
1345 -4478.72304096
1346 -4466.43649784
1347 -4457.12908791
1348 -4455.91438521
1349 -4458.20263165
1350 -4461.20113735
1351 -4465.11291822
1352 -4474.14425883
1353 -4492.04356972
1354 -4513.69988606
1355 -4532.76055849
1356 -4547.562641
1357 -4563.48810846
1358 -4571.93010465
1359 -4563.73616785
1360 -4537.13696565
1361 -4494.92061393
1362 -4434.80482262
1363 -4355.96785566
1364 -4255.18194709
1365 -4138.09728574
1366 -4015.20390865
1367 -3896.28346884
1368 -3775.70722259
1369 -3661.16253143
1370 -3562.54974454
1371 -3485.65076521
1372 -3426.65648711
1373 -3384.10702315
1374 -3355.73120125
1375 -3343.61866418
1376 -3348.62363413
1377 -3360.74928734
1378 -3368.86374846
1379 -3372.27741326
1380 -3372.33102592
1381 -3365.3528646
1382 -3347.00114146
1383 -3313.1739865
1384 -3265.78966864
1385 -3209.8122243
1386 -3150.00623326
1387 -3082.78062244
1388 -3014.76257467
1389 -2955.01071998
1390 -2911.22832723
1391 -2885.29703426
1392 -2877.85726978
1393 -2886.82513597
1394 -2914.86541145
1395 -2962.38073271
1396 -3020.80678116
1397 -3078.95717502
1398 -3135.76394844
1399 -3187.66578282
1400 -3229.33047125
1401 -3257.17839429
1402 -3268.46890883
1403 -3267.59470033
1404 -3260.9667817
1405 -3250.17496275
1406 -3230.46509289
1407 -3212.24950238
1408 -3208.11359041
1409 -3223.38325336
1410 -3249.72073843
1411 -3277.22148493
1412 -3298.22038981
1413 -3310.88260581
1414 -3316.16960368
1415 -3318.57656341
1416 -3323.82766486
1417 -3333.26635022
1418 -3348.25604982
1419 -3368.6518415
1420 -3393.57693708
1421 -3423.06520465
1422 -3453.03234821
1423 -3480.47848239
1424 -3506.35707525
1425 -3531.77012335
1426 -3555.14621789
1427 -3571.75551818
1428 -3576.27001191
1429 -3568.99817133
1430 -3554.33107403
1431 -3538.89628635
1432 -3525.18816226
1433 -3511.75099999
1434 -3498.51614488
1435 -3489.30838085
1436 -3492.45916983
1437 -3506.16415239
1438 -3522.05873968
1439 -3536.15882709
1440 -3552.12220757
1441 -3572.02192896
1442 -3596.43522551
1443 -3624.30462073
1444 -3653.19436449
1445 -3679.98505951
1446 -3702.33439101
1447 -3719.44240108
1448 -3731.48753324
1449 -3739.32073931
1450 -3743.58454366
1451 -3744.44845387
1452 -3743.91512193
1453 -3743.48632872
1454 -3743.61071211
1455 -3744.92203147
1456 -3749.01222133
1457 -3756.84303006
1458 -3768.84991415
1459 -3784.0384421
1460 -3801.0274121
1461 -3818.2402331
1462 -3835.70581146
1463 -3852.20698379
1464 -3866.30041006
1465 -3876.45911202
1466 -3882.20907179
1467 -3885.25263679
1468 -3888.09963909
1469 -3890.59912105
1470 -3892.42249974
1471 -3894.7175221
1472 -3898.43858707
1473 -3903.87884669
1474 -3910.82761777
1475 -3918.0257125
1476 -3923.99513824
1477 -3927.52390435
1478 -3928.08356695
1479 -3926.94552156
1480 -3925.96967525
1481 -3924.93820479
1482 -3924.99924277
1483 -3927.64570471
1484 -3935.17216396
1485 -3947.29261569
1486 -3961.98979704
1487 -3977.01428591
1488 -3994.4997331
1489 -4012.37087364
1490 -4027.30252551
1491 -4036.58729957
1492 -4041.7954384
1493 -4043.26419121
1494 -4040.84964669
1495 -4032.81042511
1496 -4019.72016755
1497 -4005.69328989
1498 -3994.84709607
1499 -3985.95397159
1500 -3980.13058176
1501 -3980.68114378
1502 -3990.1333567
1503 -4008.29735002
1504 -4030.96081857
1505 -4053.82353991
1506 -4074.42186263
1507 -4094.18080699
1508 -4110.74563632
1509 -4122.17549809
1510 -4127.3617219
1511 -4128.08502569
1512 -4127.22183704
1513 -4127.51686709
1514 -4128.52214255
1515 -4131.10367633
1516 -4136.42777236
1517 -4144.83440206
1518 -4155.56565562
1519 -4166.82816608
1520 -4177.21166344
1521 -4185.8427079
1522 -4193.02966314
1523 -4199.40533469
1524 -4205.82104144
1525 -4212.52242758
1526 -4219.60547156
1527 -4227.3135003
1528 -4235.9240712
1529 -4246.56947775
1530 -4257.88132949
1531 -4268.17394569
1532 -4276.58778861
1533 -4284.32407798
1534 -4291.04403812
1535 -4296.68183658
1536 -4299.10601474
1537 -4298.78226938
1538 -4298.85227313
1539 -4302.05145496
1540 -4306.41080782
1541 -4310.76081943
1542 -4315.63934957
1543 -4322.27055138
1544 -4330.8660088
1545 -4339.24934631
1546 -4346.23371775
1547 -4352.99122714
1548 -4361.9963409
1549 -4372.98365216
1550 -4384.48767119
1551 -4398.16368451
1552 -4414.48020563
1553 -4431.57986719
1554 -4447.19259297
1555 -4461.72498495
1556 -4475.534525
1557 -4487.916565
1558 -4496.85893569
1559 -4500.8487465
1560 -4502.2087174
1561 -4504.16270034
1562 -4507.15810368
1563 -4510.38323488
1564 -4515.90862155
1565 -4526.10669436
1566 -4541.43492802
1567 -4559.77191988
1568 -4578.64240432
1569 -4596.49567509
1570 -4614.69624082
1571 -4631.82927458
1572 -4646.56523117
1573 -4657.11193991
1574 -4663.27809055
1575 -4666.36817365
1576 -4668.83057194
1577 -4670.11230273
1578 -4670.04779336
1579 -4670.04273117
1580 -4671.64917121
1581 -4674.28416417
1582 -4677.24684595
1583 -4679.93167453
1584 -4682.37388009
1585 -4684.87846509
1586 -4686.26816053
1587 -4685.59074031
1588 -4683.10855824
1589 -4680.00953584
1590 -4677.37084028
1591 -4676.29933696
1592 -4676.34108344
1593 -4680.27085139
1594 -4691.70739931
1595 -4713.12896649
1596 -4744.42826105
1597 -4787.28311944
1598 -4841.46728921
1599 -4909.63936343
1600 -4988.62689856
1601 -5066.61796709
1602 -5132.04988702
1603 -5186.25517065
1604 -5227.36737747
1605 -5250.96100266
1606 -5253.3253302
1607 -5232.48185473
1608 -5192.03019878
1609 -5138.27536139
1610 -5072.4321242
1611 -4993.21292575
1612 -4910.04708821
1613 -4834.17201621
1614 -4769.07708946
1615 -4715.23647064
1616 -4671.38379497
1617 -4634.02977537
1618 -4603.44747154
1619 -4577.98458526
1620 -4555.86437572
1621 -4536.73667216
1622 -4521.91518021
1623 -4511.18197047
1624 -4504.22397937
1625 -4501.39552346
1626 -4502.02407598
1627 -4504.95715081
1628 -4509.93219941
1629 -4519.12071977
1630 -4531.58701781
1631 -4545.45168918
1632 -4559.79294635
1633 -4575.42237495
1634 -4590.99333829
1635 -4606.06509427
1636 -4620.08795882
1637 -4632.85224593
1638 -4644.48931771
1639 -4654.5721544
1640 -4662.25609363
1641 -4669.09884417
1642 -4676.70806584
1643 -4686.19509969
1644 -4697.37993913
1645 -4709.14963441
1646 -4719.44308004
1647 -4728.55449538
1648 -4739.33420303
1649 -4751.06399837
1650 -4761.18704894
1651 -4773.06729225
1652 -4779.46891514
1653 -4772.75714241
1654 -4745.7957664
1655 -4700.17150287
1656 -4652.29068482
1657 -4619.41845645
1658 -4606.81003811
1659 -4602.80212549
1660 -4606.45791212
1661 -4626.95033007
1662 -4680.77441434
1663 -4749.76211224
1664 -4807.86358526
1665 -4844.26488469
1666 -4874.46914184
1667 -4924.57615552
1668 -5002.88954075
1669 -5104.53756981
1670 -5209.07797587
1671 -5292.31387912
1672 -5335.37183584
1673 -5342.39728471
1674 -5339.78152577
1675 -5345.22307917
1676 -5359.78540299
1677 -5372.32692391
1678 -5380.68806821
1679 -5384.39950566
1680 -5383.45360646
1681 -5379.11352476
1682 -5371.87756132
1683 -5361.25737722
1684 -5345.88319673
1685 -5326.02450115
1686 -5303.4857864
1687 -5280.0797764
1688 -5255.64815388
1689 -5232.31840016
1690 -5212.39136402
1691 -5197.8770231
1692 -5188.08373894
1693 -5180.68445941
1694 -5172.95894482
1695 -5167.07078295
1696 -5162.00137761
1697 -5155.67691781
1698 -5147.12074718
1699 -5138.40055752
1700 -5130.95777287
1701 -5125.53177595
1702 -5122.61164469
1703 -5123.2194233
1704 -5127.92886435
1705 -5136.19495444
1706 -5148.12311292
1707 -5162.12811596
1708 -5175.66316702
1709 -5186.92202334
1710 -5195.77929991
1711 -5202.13484785
1712 -5206.48893513
1713 -5207.72067702
1714 -5206.15972588
1715 -5205.13162115
1716 -5207.98512331
1717 -5214.62910693
1718 -5224.46524361
1719 -5236.94849231
1720 -5252.84156417
1721 -5273.99101447
1722 -5295.1398185
1723 -5309.83577202
1724 -5317.00942399
1725 -5317.78149706
1726 -5310.21074114
1727 -5292.41580005
1728 -5262.32969253
1729 -5223.22560707
1730 -5179.73369914
1731 -5134.03194267
1732 -5083.41332563
1733 -5030.70064674
1734 -4979.18862523
1735 -4928.92288411
1736 -4879.52164421
1737 -4832.81571754
1738 -4790.82286894
1739 -4753.64349822
1740 -4720.78796471
1741 -4692.2129494
1742 -4668.23965405
1743 -4648.96964827
1744 -4632.38536181
1745 -4615.78048014
1746 -4596.66966126
1747 -4575.09497147
1748 -4551.7584632
1749 -4526.48053453
1750 -4494.9311265
1751 -4461.06582753
1752 -4430.92121142
1753 -4406.96974729
1754 -4389.91551603
1755 -4390.74562715
1756 -4418.96240099
1757 -4482.38283541
1758 -4576.97474317
1759 -4684.4764181
1760 -4779.50955679
1761 -4856.07154816
1762 -4905.67779241
1763 -4927.50185171
1764 -4934.85833522
1765 -4930.40565443
1766 -4908.1116883
1767 -4868.79288774
1768 -4824.61708423
1769 -4789.80200438
1770 -4764.07554876
1771 -4737.59992615
1772 -4705.05303771
1773 -4674.60037574
1774 -4653.54799613
1775 -4642.75770532
1776 -4640.29239032
1777 -4646.31147981
1778 -4660.92746903
1779 -4686.94750321
1780 -4720.78247283
1781 -4757.06403911
1782 -4794.07711078
1783 -4836.23627923
1784 -4876.20746173
1785 -4904.26542035
1786 -4918.13461889
1787 -4921.40409368
1788 -4915.83801065
1789 -4898.89741812
1790 -4855.07010202
1791 -4805.08220392
1792 -4778.38226457
1793 -4790.12534968
1794 -4824.03744565
1795 -4862.91782924
1796 -4899.78805297
1797 -4955.72951414
1798 -5013.93709359
1799 -5045.61457101
1800 -5031.10999842
1801 -4985.1642453
1802 -4930.07014352
1803 -4881.4469307
1804 -4839.4573807
1805 -4802.26458942
1806 -4778.94130567
1807 -4772.51141444
1808 -4776.34118939
1809 -4787.50975697
1810 -4805.82216713
1811 -4830.57310655
1812 -4859.70052782
1813 -4888.96239108
1814 -4914.97757317
1815 -4938.65790234
1816 -4958.6784677
1817 -4970.91202409
1818 -4973.03021048
1819 -4967.83198843
1820 -4955.46828241
1821 -4935.92736885
1822 -4909.81492949
1823 -4879.74662906
1824 -4849.65835003
1825 -4822.28942102
1826 -4797.28452825
1827 -4775.75600211
1828 -4759.07415331
1829 -4746.88970915
1830 -4737.0381805
1831 -4728.92685677
1832 -4722.16922613
1833 -4715.55198944
1834 -4706.72995159
1835 -4695.73332038
1836 -4683.50077284
1837 -4668.32437671
1838 -4650.35419066
1839 -4632.15313258
1840 -4616.249335
1841 -4602.43116373
1842 -4592.56429766
1843 -4588.70647165
1844 -4592.47358627
1845 -4603.17903312
1846 -4618.20050995
1847 -4635.49395565
1848 -4658.37705041
1849 -4682.24475297
1850 -4699.30668695
1851 -4703.63012982
1852 -4695.88421482
1853 -4676.43223927
1854 -4648.3817018
1855 -4608.35642003
1856 -4564.30601804
1857 -4527.98833211
1858 -4506.80828148
1859 -4494.46186892
1860 -4484.40334928
1861 -4476.73943827
1862 -4487.51287324
1863 -4515.74662969
1864 -4536.89169132
1865 -4526.068903
1866 -4475.64644811
1867 -4425.25779601
1868 -4411.63496799
1869 -4458.05651018
1870 -4539.36903123
1871 -4610.83340101
1872 -4635.32350404
1873 -4598.15943767
1874 -4536.05278434
1875 -4491.0162471
1876 -4496.22154557
1877 -4538.68938968
1878 -4582.56231722
1879 -4599.85258629
1880 -4586.33548883
1881 -4568.50191244
1882 -4562.03809861
1883 -4568.019301
1884 -4577.12342765
1885 -4582.56424422
1886 -4583.30315765
1887 -4579.5987776
1888 -4569.8588369
1889 -4555.34570981
1890 -4536.70111042
1891 -4510.87659686
1892 -4480.74956057
1893 -4450.3287731
1894 -4418.11996011
1895 -4374.74174489
1896 -4338.64090822
1897 -4334.71733742
1898 -4392.42732793
1899 -4493.26239111
1900 -4586.22331195
1901 -4620.7003666
1902 -4593.14434377
1903 -4542.72446637
1904 -4507.07073009
1905 -4505.74193193
1906 -4517.71170859
1907 -4532.83745837
1908 -4544.62640044
1909 -4556.20410068
1910 -4568.43032358
1911 -4581.62521404
1912 -4596.7899699
1913 -4618.62619071
1914 -4644.57366995
1915 -4666.23780694
1916 -4672.39144926
1917 -4662.31745561
1918 -4643.5252458
1919 -4627.86992939
1920 -4615.00640015
1921 -4603.15381085
1922 -4591.53659644
1923 -4580.32653468
1924 -4571.69095557
1925 -4566.66296526
1926 -4564.33740561
1927 -4560.98087519
1928 -4555.86011856
1929 -4550.04835898
1930 -4544.76145861
1931 -4533.96877731
1932 -4517.71747437
1933 -4500.05421678
1934 -4487.20241698
1935 -4478.88531076
1936 -4473.76474925
1937 -4464.00804821
1938 -4449.91168575
1939 -4432.15190665
1940 -4412.02217587
1941 -4389.79427803
1942 -4364.67304073
1943 -4339.86670659
1944 -4318.38829396
1945 -4300.0785332
1946 -4283.71212353
1947 -4268.52936404
1948 -4253.45516741
1949 -4238.65121408
1950 -4226.62776798
1951 -4221.10603858
1952 -4222.31321176
1953 -4230.01803252
1954 -4244.65662448
1955 -4266.74987309
1956 -4297.54428786
1957 -4332.35008853
1958 -4365.38796734
1959 -4396.87806917
1960 -4428.40078552
1961 -4456.58079395
1962 -4476.98064711
1963 -4486.17722806
1964 -4487.62446274
1965 -4487.19033226
1966 -4488.09484842
1967 -4488.10811794
1968 -4488.97037238
1969 -4492.14491332
1970 -4497.15815235
1971 -4502.91865128
1972 -4509.4639781
1973 -4517.73218538
1974 -4527.80664654
1975 -4537.85054686
1976 -4547.03490548
1977 -4556.51961129
1978 -4567.64210867
1979 -4581.49792558
1980 -4600.42604607
1981 -4628.52070018
1982 -4654.12614575
1983 -4662.51146988
1984 -4648.97722556
1985 -4623.70370026
1986 -4596.0240994
1987 -4570.48395665
1988 -4544.59564142
1989 -4517.89407087
1990 -4490.50282253
1991 -4460.17236675
1992 -4427.38280156
1993 -4399.66475909
1994 -4382.00393353
1995 -4371.69147783
1996 -4364.43946871
1997 -4359.18884802
1998 -4357.04573393
1999 -4359.29916842
2000 -4365.02567208
2001 -4373.00517183
2002 -4382.64054464
2003 -4394.1715894
2004 -4407.83025495
2005 -4424.10947717
2006 -4443.17277811
2007 -4462.71349412
2008 -4481.03102649
2009 -4498.99656676
2010 -4517.52070299
2011 -4535.23290049
2012 -4550.67067509
2013 -4564.83196737
2014 -4576.70066526
2015 -4585.25311067
2016 -4590.1268735
2017 -4592.1717399
2018 -4591.26860408
2019 -4587.05409566
2020 -4579.7898946
2021 -4570.02815838
2022 -4557.73629495
2023 -4541.9006057
2024 -4522.50146103
2025 -4500.89199811
2026 -4478.50630886
2027 -4455.15265537
2028 -4430.74872879
2029 -4405.76994096
2030 -4380.1214282
2031 -4353.34460305
2032 -4327.89526266
2033 -4306.29261619
2034 -4287.80123601
2035 -4271.94110759
2036 -4260.55111482
2037 -4255.21611144
2038 -4255.42755322
2039 -4259.08429106
2040 -4264.06787628
2041 -4270.55523055
2042 -4278.48328642
2043 -4285.19269361
2044 -4288.6987189
2045 -4289.76056062
2046 -4289.6848292
2047 -4289.08225316
2048 -4288.31105055
2049 -4287.66966643
2050 -4288.54760613
2051 -4291.62628184
2052 -4297.17466258
2053 -4303.16442349
2054 -4308.03325774
2055 -4311.31654135
2056 -4313.82225118
2057 -4315.31674526
2058 -4316.15218828
2059 -4317.61066479
2060 -4320.50917152
2061 -4324.51500732
2062 -4328.88874759
2063 -4334.64173124
2064 -4340.51611102
2065 -4344.6066427
2066 -4345.93087735
2067 -4344.50664324
2068 -4339.97068569
2069 -4331.24045188
2069.85348757 -4319.024
