0 26.708984375
1 24.91222892
2 21.8768839988
3 16.4544138102
4 8.53177666856
5 -0.323200349636
6 -8.24100286429
7 -14.7032104952
8 -19.7282238556
9 -23.4936144577
10 -26.6962071116
11 -30.1478607466
12 -33.6541957464
13 -36.382113042
14 -37.3833803889
15 -36.8436617077
16 -36.0795855296
17 -36.0198036671
18 -36.7337696408
19 -37.2932375732
20 -37.3786972966
21 -37.1975975431
22 -37.3717611417
23 -38.169131733
24 -39.4560399591
25 -40.6657560777
26 -41.0492810407
27 -40.8479497199
28 -40.6032474106
29 -40.9291603018
30 -41.5652696527
31 -42.0928197849
32 -42.5889326758
33 -43.4017653222
34 -44.9566892459
35 -46.9908694152
36 -49.1184403654
37 -51.0143766365
38 -52.9790151772
39 -55.0171475218
40 -57.4248504411
41 -56.0009717876
42 -42.0765276002
43 -45.8290582558
44 -100.340761268
45 -239.315857855
46 -457.174326249
47 -698.824216132
48 -898.318239635
49 -1024.66363949
50 -1104.65967716
51 -1151.04579263
52 -1182.7226326
53 -1199.00083606
54 -1207.27990205
55 -1224.78174756
56 -1258.39231582
57 -1301.25867239
58 -1342.76346336
59 -1375.34915903
60 -1398.04856964
61 -1413.99120312
62 -1429.17620545
63 -1446.5536674
64 -1464.45337007
65 -1477.76560528
66 -1489.93191585
67 -1506.71995427
68 -1534.00929187
69 -1567.23371461
70 -1592.1969075
71 -1604.13566135
72 -1610.17249048
73 -1623.86300664
74 -1646.21979181
75 -1667.68686094
76 -1681.36054336
77 -1690.41151312
78 -1700.1673449
79 -1713.97053719
80 -1731.10898974
81 -1750.05141618
82 -1769.53130599
83 -1788.36687276
84 -1806.0901435
85 -1822.96032216
86 -1839.04316785
87 -1853.78453562
88 -1865.64855149
89 -1875.78733424
90 -1886.9655425
91 -1902.6771233
92 -1922.56221374
93 -1942.00188963
94 -1957.12169878
95 -1968.52424013
96 -1980.77934724
97 -1995.06853703
98 -2009.3049264
99 -2020.53719515
100 -2029.03284781
101 -2036.41659518
102 -2044.95362326
103 -2054.98226318
104 -2065.60522168
105 -2075.9549676
106 -2085.01580143
107 -2092.35068189
108 -2099.35865616
109 -2107.01408261
110 -2115.38253871
111 -2123.23496159
112 -2131.03337918
113 -2139.71191071
114 -2149.66137707
115 -2159.7057341
116 -2169.50565481
117 -2179.69052206
118 -2192.36132796
119 -2206.68723175
120 -2219.2402351
121 -2228.59601594
122 -2239.06135764
123 -2252.80733544
124 -2266.36595903
125 -2274.48467032
126 -2275.48672724
127 -2274.61691589
128 -2275.87617249
129 -2281.59892329
130 -2289.12706401
131 -2297.89505947
132 -2308.41761102
133 -2321.1409739
134 -2334.17342171
135 -2345.6090414
136 -2354.88156358
137 -2361.78274483
138 -2367.20901778
139 -2372.65635808
140 -2378.90071081
141 -2387.04069499
142 -2397.87265996
143 -2410.06083044
144 -2420.45636917
145 -2426.79648716
146 -2430.02973217
147 -2432.13979646
148 -2434.70538035
149 -2436.86802819
150 -2439.69844244
151 -2444.1600758
152 -2450.11182045
153 -2456.1407212
154 -2461.67560033
155 -2467.51631391
156 -2475.7893174
157 -2488.87895152
158 -2505.64744419
159 -2521.53892773
160 -2530.23642221
161 -2529.50203727
162 -2519.88771814
163 -2504.87473244
164 -2488.13770903
165 -2471.68055608
166 -2455.69227572
167 -2437.53837258
168 -2418.53750664
169 -2404.80607654
170 -2398.73902363
171 -2399.32514381
172 -2403.12694934
173 -2411.27205735
174 -2424.13919011
175 -2439.56528141
176 -2452.79904972
177 -2463.59296989
178 -2477.35401038
179 -2500.65882355
180 -2533.22865051
181 -2572.09274208
182 -2612.9444944
183 -2655.38766705
184 -2694.57969845
185 -2722.91355808
186 -2739.19549492
187 -2748.80770154
188 -2758.80804069
189 -2771.78988552
190 -2787.44803536
191 -2807.40110272
192 -2829.04077758
193 -2847.4776889
194 -2856.68626294
195 -2854.1362259
196 -2845.87941633
197 -2838.39572226
198 -2835.43682891
199 -2832.18165793
200 -2828.33866774
201 -2825.80933058
202 -2823.83270969
203 -2823.89673765
204 -2833.03146406
205 -2855.02208889
206 -2896.41743608
207 -2945.07866403
208 -2979.56612936
209 -2984.3085926
210 -2963.24746937
211 -2938.37479006
212 -2924.65909282
213 -2925.54892967
214 -2932.41135206
215 -2940.11889125
216 -2947.94566799
217 -2957.99904574
218 -2973.35559746
219 -2994.57524555
220 -3017.81468663
221 -3035.408351
222 -3045.86079191
223 -3052.46360603
224 -3060.30524706
225 -3067.49062545
226 -3072.94337634
227 -3082.18472866
228 -3100.05701815
229 -3126.86499664
230 -3152.85042803
231 -3172.93510866
232 -3190.42222268
233 -3218.29586424
234 -3249.38244602
235 -3268.42812932
236 -3266.50897573
237 -3251.46261542
238 -3232.59487465
239 -3217.75249917
240 -3215.80581911
241 -3231.3912743
242 -3252.75959039
243 -3259.51931247
244 -3247.85967246
245 -3216.77204307
246 -3151.82207531
247 -3044.83934267
248 -2862.88214704
249 -2648.98752095
250 -2473.99608907
251 -2391.61973786
252 -2383.35788935
253 -2422.20047802
254 -2488.86845045
255 -2574.41420173
256 -2688.24039024
257 -2789.19053863
258 -2850.18261047
259 -2867.56672265
260 -2866.50488298
261 -2871.4679067
262 -2895.0539219
263 -2937.54881481
264 -2982.60442704
265 -3017.10405043
266 -3035.6157109
267 -3040.07339658
268 -3039.17520307
269 -3040.78953828
270 -3049.96176008
271 -3065.34211655
272 -3085.84313441
273 -3110.51807368
274 -3138.13000712
275 -3170.20803369
276 -3205.63467292
277 -3241.74742044
278 -3276.15142765
279 -3309.26158495
280 -3342.07188231
281 -3375.84567827
282 -3413.03184433
283 -3454.57929847
284 -3498.42700496
285 -3539.87736947
286 -3574.02913649
287 -3601.24715705
288 -3622.81068979
289 -3642.35688745
290 -3659.40504781
291 -3673.25855428
292 -3684.19218647
293 -3691.79901652
294 -3697.25683469
295 -3702.36930834
296 -3707.83336377
297 -3712.81528677
298 -3715.57054658
299 -3716.89999805
300 -3718.23779882
301 -3720.51731232
302 -3722.92508419
303 -3725.21688793
304 -3728.18951788
305 -3733.72938059
306 -3741.90889461
307 -3751.12351169
308 -3759.7695009
309 -3767.79755426
310 -3775.4106911
311 -3782.75708961
312 -3789.98953388
313 -3796.90773916
314 -3803.71181032
315 -3810.8009474
316 -3818.23996501
317 -3825.54535498
318 -3833.06409046
319 -3841.58134003
320 -3852.1048321
321 -3863.85430747
322 -3875.15543808
323 -3884.37905444
324 -3891.48489914
325 -3897.40232988
326 -3903.11345515
327 -3909.18739072
328 -3915.4086408
329 -3921.56387179
330 -3928.17520724
331 -3936.44431783
332 -3947.43285701
333 -3960.38449581
334 -3973.27048011
335 -3984.17235157
336 -3992.79745467
337 -3998.63900565
338 -4001.84113407
339 -4001.86692441
340 -3998.92706162
341 -3994.73270633
342 -3991.2306805
343 -3987.89325905
344 -3985.73663795
345 -3986.37190459
346 -3991.15179714
347 -3999.91880924
348 -4010.99468726
349 -4022.67088569
350 -4034.73986517
351 -4048.41737537
352 -4060.58042862
353 -4068.09212251
354 -4069.58020983
355 -4067.40170604
356 -4063.92757872
357 -4060.52809498
358 -4054.66279971
359 -4046.98925617
360 -4040.77897947
361 -4039.32343779
362 -4041.77198801
363 -4047.01226314
364 -4054.22074521
365 -4063.06030554
366 -4074.16013009
367 -4084.61614575
368 -4091.73045784
369 -4093.91577108
370 -4092.16731314
371 -4088.60863137
372 -4086.25012783
373 -4086.82308982
374 -4090.47012874
375 -4097.03881803
376 -4105.37768268
377 -4116.69035766
378 -4128.39224028
379 -4135.99268001
380 -4136.72553194
381 -4132.26661656
382 -4126.91083525
383 -4123.84058583
384 -4123.85151362
385 -4125.62089063
386 -4128.68852523
387 -4132.38629834
388 -4136.30527137
389 -4139.90042485
390 -4143.12619102
391 -4146.74156779
392 -4152.13155314
393 -4159.95858205
394 -4169.28321276
395 -4177.63345816
396 -4182.90458473
397 -4187.04364476
398 -4192.92523248
399 -4203.25317668
400 -4216.78114332
401 -4230.15047011
402 -4241.01317253
403 -4249.78557226
404 -4258.62928199
405 -4265.8614214
406 -4269.10423788
407 -4266.8625356
408 -4261.94317752
409 -4257.79595337
410 -4256.67194291
411 -4256.64701533
412 -4257.44398685
413 -4259.99016277
414 -4264.76588707
415 -4270.07295767
416 -4275.21596636
417 -4279.92365551
418 -4284.74772064
419 -4288.86643019
420 -4289.54406674
421 -4285.56248413
422 -4278.81764904
423 -4271.33827533
424 -4263.07708131
425 -4252.95091861
426 -4242.00039457
427 -4232.9402951
428 -4227.39124479
429 -4225.40492237
430 -4226.16453516
431 -4229.88749784
432 -4236.17566149
433 -4244.46994425
434 -4253.86926629
435 -4261.28520289
436 -4264.68980685
437 -4263.72270258
438 -4259.89755996
439 -4255.09521272
440 -4251.03470095
441 -4247.71541583
442 -4245.49159549
443 -4244.76693178
444 -4245.50592499
445 -4247.05814577
446 -4248.29399693
447 -4249.10704486
448 -4250.41775389
449 -4252.96585212
450 -4257.57269734
451 -4264.54522521
452 -4275.02021707
453 -4289.31431953
454 -4304.0161408
455 -4315.02187717
456 -4320.26788006
457 -4321.53399319
458 -4320.75519386
459 -4319.88999319
460 -4317.94567774
461 -4315.31716463
462 -4313.72211017
463 -4314.45812891
464 -4317.57245978
465 -4322.16983574
466 -4326.84184792
467 -4330.00398826
468 -4331.24354893
469 -4331.56470971
470 -4332.84079514
471 -4335.83642871
472 -4339.89403909
473 -4344.46800597
474 -4348.9992405
475 -4353.89459174
476 -4358.45027077
477 -4361.9656788
478 -4364.30006602
479 -4365.63358757
480 -4365.79842993
481 -4365.0368488
482 -4363.91775365
483 -4362.6307305
484 -4360.91537334
485 -4359.2476547
486 -4359.76705095
487 -4363.44810089
488 -4368.12232003
489 -4370.13304853
490 -4368.7778434
491 -4366.61767788
492 -4365.88532836
493 -4367.84029562
494 -4371.87034129
495 -4377.08816457
496 -4382.26360665
497 -4385.88488553
498 -4387.54695827
499 -4388.50424567
500 -4389.96234452
501 -4391.55532871
502 -4392.26721075
503 -4392.64901428
504 -4394.08382614
505 -4396.59727956
506 -4400.82217482
507 -4408.45304005
508 -4420.44372768
509 -4436.42187631
510 -4451.49728152
511 -4461.3302849
512 -4463.78732013
513 -4460.13606317
514 -4453.73182785
515 -4449.91292098
516 -4455.22789875
517 -4466.09428612
518 -4472.33902825
519 -4466.24160024
520 -4448.49246606
521 -4429.67256397
522 -4418.09637912
523 -4417.15279877
524 -4423.61981726
525 -4433.88535069
526 -4445.0054519
527 -4453.98086283
528 -4459.96193938
529 -4462.44858066
530 -4462.57952863
531 -4461.41575203
532 -4458.73385281
533 -4455.10348158
534 -4451.20285579
535 -4447.09940938
536 -4443.32689711
537 -4440.62392372
538 -4439.12292985
539 -4438.83177505
540 -4439.73681439
541 -4441.22549812
542 -4442.41458839
543 -4442.99255638
544 -4442.79370001
545 -4441.89690303
546 -4440.16351867
547 -4436.85278322
548 -4432.07647186
549 -4427.24174346
550 -4423.58176575
551 -4421.64732939
552 -4421.2855635
553 -4421.77920468
554 -4423.17142652
555 -4425.15033213
556 -4427.33123105
557 -4429.57118816
558 -4432.0937311
559 -4434.5779413
560 -4436.73265163
561 -4438.06862431
562 -4438.94625664
563 -4440.34445481
564 -4443.140793
565 -4447.37629252
566 -4452.47952705
567 -4457.82687788
568 -4462.71473235
569 -4467.13602881
570 -4470.97075448
571 -4474.12720579
572 -4476.7192224
573 -4478.86081461
574 -4480.43225968
575 -4481.34850872
576 -4481.57160632
577 -4481.41517046
578 -4481.22955637
579 -4481.26904359
580 -4481.49786544
581 -4481.89664347
582 -4482.58084526
583 -4483.53810635
584 -4484.75668357
585 -4485.96044994
586 -4486.82905278
587 -4487.09928081
588 -4486.68474574
589 -4485.6339141
590 -4484.29910169
591 -4482.65965969
592 -4481.00262491
593 -4479.99811165
594 -4480.04270822
595 -4480.91376149
596 -4482.21115331
597 -4483.64520272
598 -4485.05736605
599 -4486.54735855
600 -4487.97950569
601 -4489.34944555
602 -4490.49574918
603 -4491.48742783
604 -4492.52264692
605 -4493.75678497
606 -4495.07364142
607 -4496.28556206
608 -4497.35233087
609 -4498.24814492
610 -4498.93077931
611 -4499.24406291
612 -4499.18598114
613 -4498.93972722
614 -4498.48611433
615 -4497.94397352
616 -4497.42327313
617 -4496.88737099
618 -4496.37418063
619 -4496.19617311
620 -4496.59692283
621 -4497.44307442
622 -4498.5714114
623 -4500.03724877
624 -4502.01710696
625 -4504.65787724
626 -4507.92651926
627 -4511.17295627
628 -4513.54477816
629 -4515.12988
630 -4516.71075519
631 -4518.48276711
632 -4520.3311895
633 -4521.01178826
634 -4519.41564823
635 -4515.85671998
636 -4510.47936732
637 -4505.34107462
638 -4502.28005588
639 -4501.95835939
640 -4503.61653411
641 -4505.95124342
642 -4507.9464956
643 -4509.26833956
644 -4510.37611166
645 -4510.47131345
646 -4508.96238047
647 -4506.17102795
648 -4502.55660164
649 -4498.15387302
650 -4492.9077044
651 -4486.70785086
652 -4480.56286649
653 -4475.58797978
654 -4472.31959624
655 -4469.9984757
656 -4469.78592011
657 -4473.04114646
658 -4480.83342165
659 -4492.18729256
660 -4504.59294613
661 -4515.54028519
662 -4524.5745408
663 -4532.03287378
664 -4537.68369623
665 -4541.25231222
666 -4542.1892638
667 -4542.24852673
668 -4543.12656812
669 -4545.53513522
670 -4548.18148811
671 -4550.43105932
672 -4552.2648536
673 -4554.07014611
674 -4556.36490065
675 -4559.61408883
676 -4563.87884366
677 -4569.08937391
678 -4576.07631236
679 -4584.7704842
680 -4593.58692232
681 -4600.25872581
682 -4603.92729486
683 -4605.44296226
684 -4606.28461846
685 -4605.9555023
686 -4604.13406164
687 -4601.36019582
688 -4599.05016326
689 -4597.84781469
690 -4597.36730208
691 -4596.61968731
692 -4595.94323269
693 -4595.47331981
694 -4594.93683221
695 -4593.77251892
696 -4591.78058724
697 -4589.94227357
698 -4589.10438991
699 -4588.74361566
700 -4588.41742021
701 -4589.34507968
702 -4592.37145508
703 -4597.08446572
704 -4602.49471923
705 -4608.37572154
706 -4615.09948097
707 -4623.50210291
708 -4631.64086718
709 -4637.67814351
710 -4641.11859461
711 -4643.23033334
712 -4643.81371133
713 -4642.5042955
714 -4638.78197519
715 -4633.11417362
716 -4626.45487134
717 -4619.71310873
718 -4613.09379407
719 -4606.48427691
720 -4599.98125775
721 -4594.16687028
722 -4589.97057094
723 -4585.75823336
724 -4579.83336638
725 -4571.67194748
726 -4562.43114528
727 -4552.79347588
728 -4543.11054597
729 -4532.15503314
730 -4521.15611435
731 -4512.33301632
732 -4507.24865773
733 -4504.45145922
734 -4503.6189844
735 -4504.79229028
736 -4508.21396863
737 -4513.52304045
738 -4519.4509131
739 -4525.57811893
740 -4533.17147836
741 -4542.34441788
742 -4551.37747771
743 -4558.06611712
744 -4561.09124129
745 -4561.24765476
746 -4560.25115051
747 -4559.81711039
748 -4559.23855727
749 -4559.53004361
750 -4562.06776295
751 -4568.39578025
752 -4578.10853804
753 -4589.44870473
754 -4600.84367944
755 -4613.54763736
756 -4627.51011277
757 -4640.9390715
758 -4651.85933454
759 -4660.6475351
760 -4665.81639646
761 -4665.9298992
762 -4660.43825689
763 -4650.59408604
764 -4639.58512919
765 -4629.70504437
766 -4620.78527216
767 -4612.58075996
768 -4605.74567161
769 -4600.99752611
770 -4598.21092051
771 -4597.19849426
772 -4597.91125826
773 -4600.84893238
774 -4606.45981018
775 -4614.08377915
776 -4622.29091599
777 -4631.04715563
778 -4639.5675465
779 -4644.61271778
780 -4643.44983148
781 -4634.45305965
782 -4621.1923427
783 -4608.5138585
784 -4600.09928315
785 -4594.96972289
786 -4592.87340958
787 -4593.45852524
788 -4597.03665759
789 -4603.78592809
790 -4612.08624469
791 -4620.31897223
792 -4628.08292605
793 -4636.31853659
794 -4645.40559972
795 -4655.01762973
796 -4664.26835953
797 -4671.88589363
798 -4677.10833748
799 -4679.75813154
800 -4679.9971268
801 -4678.49443221
802 -4676.32465195
803 -4673.85968276
804 -4671.45301428
805 -4670.08409445
806 -4670.81314905
807 -4674.35532316
808 -4680.26689968
809 -4687.70090605
810 -4696.36588116
811 -4706.97897491
812 -4717.52826184
813 -4725.70331511
814 -4730.36698798
815 -4732.3069023
816 -4732.06296752
817 -4729.93385197
818 -4724.21075478
819 -4716.44072378
820 -4709.58829346
821 -4706.04692411
822 -4704.57436592
823 -4704.69488619
824 -4706.45899431
825 -4710.47386236
826 -4717.18129863
827 -4726.02052997
828 -4735.88713011
829 -4747.31959106
830 -4757.98429542
831 -4765.45005427
832 -4769.5239068
833 -4772.45246429
834 -4776.21923949
835 -4780.52012293
836 -4783.69723511
837 -4785.47807936
838 -4787.020285
839 -4789.22112472
840 -4790.2773401
841 -4789.59420436
842 -4788.49880581
843 -4789.31916175
844 -4791.62444992
845 -4794.47282575
846 -4797.61919412
847 -4801.87533884
848 -4807.6968462
849 -4812.84274714
850 -4815.69225874
851 -4816.64942497
852 -4817.7151113
853 -4820.02442775
854 -4823.71225974
855 -4827.8510583
856 -4833.38746628
857 -4840.98240359
858 -4850.62775484
859 -4861.12544476
860 -4872.38872682
861 -4884.67225302
862 -4897.89970859
863 -4911.91783456
864 -4926.68004748
865 -4941.89313696
866 -4958.11043066
867 -4973.19052522
868 -4984.84582355
869 -4992.61687337
870 -4998.47527531
871 -5000.22085994
872 -4995.6582701
873 -4983.27084386
874 -4965.48486207
875 -4947.14943442
876 -4933.21259694
877 -4923.29160231
878 -4916.41656057
879 -4912.54006567
880 -4911.45255468
881 -4912.97867871
882 -4915.50353857
883 -4917.58762849
884 -4918.87637659
885 -4919.98462757
886 -4920.97210961
887 -4921.92957991
888 -4922.9707056
889 -4924.10638979
890 -4925.37570016
891 -4926.95792156
892 -4929.153213
893 -4932.08063673
894 -4935.52810542
895 -4939.32649248
896 -4943.57414658
897 -4947.92420477
898 -4952.00761824
899 -4955.82049027
900 -4959.32768631
901 -4962.44081147
902 -4965.19736382
903 -4967.62940348
904 -4970.00898948
905 -4972.57954234
906 -4975.47186524
907 -4978.60375192
908 -4981.845926
909 -4984.95488858
910 -4987.79589415
911 -4990.21763941
912 -4991.93579068
913 -4992.57361144
914 -4991.64784189
915 -4989.39488012
916 -4986.15069548
917 -4981.39566284
918 -4973.87102654
919 -4964.18220054
920 -4953.59773298
921 -4941.88388464
922 -4929.00715702
923 -4917.87404098
924 -4912.64026485
925 -4915.83794612
926 -4924.85870476
927 -4935.34994559
928 -4944.17241106
929 -4951.56650638
930 -4957.1250193
931 -4961.71650825
932 -4966.73057942
933 -4971.79897308
934 -4975.55156968
935 -4976.31674129
936 -4974.27942274
937 -4967.69681267
938 -4954.60002106
939 -4932.06941612
940 -4899.49418626
941 -4865.7429121
942 -4842.76610979
943 -4840.25875527
944 -4855.48073856
945 -4879.73006946
946 -4901.24039645
947 -4922.16415912
948 -4942.80500399
949 -4961.77495876
950 -4978.88341858
951 -4994.27627327
952 -5006.69698217
953 -5014.0574089
954 -5012.20272016
955 -5003.65321
956 -4996.03355529
957 -4995.9656407
958 -5002.39871617
959 -5011.133926
960 -5018.90012025
961 -5024.27432979
962 -5028.77118746
963 -5031.29924463
964 -5030.01652286
965 -5022.32277242
966 -5012.01902929
967 -5006.58457278
968 -5011.37350303
969 -5024.90441495
970 -5045.48778572
971 -5072.5979816
972 -5108.00910368
973 -5152.7302418
974 -5195.30439336
975 -5222.91114216
976 -5230.69430851
977 -5224.85384741
978 -5213.33833135
979 -5203.14428519
980 -5192.86353869
981 -5183.29813342
982 -5176.35241143
983 -5173.06838151
984 -5173.12347538
985 -5176.5341654
986 -5183.11217953
987 -5193.96288727
988 -5208.50510418
989 -5223.82711043
990 -5236.79506361
991 -5248.56462511
992 -5256.78049338
993 -5258.4414695
994 -5251.2947795
995 -5236.29181458
996 -5218.05748698
997 -5201.26084819
998 -5186.02303534
999 -5171.61614654
1000 -5159.34068525
1001 -5150.17549237
1002 -5143.52895715
1003 -5138.50908385
1004 -5134.80607518
1005 -5132.98801225
1006 -5134.89081159
1007 -5141.1401127
1008 -5148.89225651
1009 -5153.78526996
1010 -5153.96722573
1011 -5150.01559869
1012 -5145.09485846
1013 -5138.70431603
1014 -5132.00277566
1015 -5126.68633992
1016 -5124.44257282
1017 -5125.51689794
1018 -5128.7710826
1019 -5132.47278607
1020 -5136.39559579
1021 -5140.74496334
1022 -5145.02855688
1023 -5149.04076558
1024 -5152.99117931
1025 -5156.86028385
1026 -5160.49685421
1027 -5163.67031936
1028 -5166.339856
1029 -5168.48719849
1030 -5170.18408998
1031 -5171.34559804
1032 -5172.06658509
1033 -5172.61909822
1034 -5173.19235068
1035 -5173.55028331
1036 -5173.98468173
1037 -5174.86660294
1038 -5176.32078117
1039 -5178.15655631
1040 -5180.4171492
1041 -5183.14262177
1042 -5186.45272041
1043 -5190.09125522
1044 -5193.68494751
1045 -5197.12521731
1046 -5200.75861805
1047 -5204.32960784
1048 -5207.23825666
1049 -5208.52687747
1050 -5208.00160554
1051 -5206.61860081
1052 -5205.73414179
1053 -5205.47623232
1054 -5205.67988203
1055 -5206.5176984
1056 -5208.07685582
1057 -5210.44503388
1058 -5213.50055557
1059 -5216.97935593
1060 -5220.4975017
1061 -5224.09183519
1062 -5228.12079284
1063 -5232.85893573
1064 -5238.00276017
1065 -5243.24244986
1066 -5248.56998117
1067 -5254.32070953
1068 -5260.37706203
1069 -5266.3245555
1070 -5272.17920602
1071 -5279.20688895
1072 -5287.41817194
1073 -5294.70691026
1074 -5299.00412527
1075 -5300.19116086
1076 -5300.31750304
1077 -5301.59527959
1078 -5305.61351508
1079 -5312.29108392
1080 -5320.90360957
1081 -5330.34588569
1082 -5340.58028627
1083 -5351.72536449
1084 -5361.93676104
1085 -5369.16779272
1086 -5372.55301837
1087 -5372.95016483
1088 -5371.92593159
1089 -5370.77011726
1090 -5368.62341059
1091 -5365.6436647
1092 -5362.64150942
1093 -5360.79113825
1094 -5360.40212543
1095 -5361.03510395
1096 -5361.82248619
1097 -5362.9206288
1098 -5363.91973901
1099 -5364.06217812
1100 -5362.42107999
1101 -5358.61818011
1102 -5353.07639558
1103 -5346.63585028
1104 -5338.76564017
1105 -5329.62347253
1106 -5320.65808348
1107 -5313.01040815
1108 -5306.35895708
1109 -5300.79683885
1110 -5296.31917466
1111 -5292.75305888
1112 -5289.94205709
1113 -5287.79149642
1114 -5286.44892428
1115 -5286.35865226
1116 -5287.58763616
1117 -5289.8076182
1118 -5292.4230798
1119 -5295.42990226
1120 -5298.54558991
1121 -5301.33328345
1122 -5303.08998659
1123 -5303.59804608
1124 -5303.56802707
1125 -5303.96940906
1126 -5304.94056709
1127 -5306.45186256
1128 -5308.62372351
1129 -5312.1754212
1130 -5318.17842151
1131 -5324.79383637
1132 -5329.26686751
1133 -5330.62985236
1134 -5329.23248712
1135 -5324.54471291
1136 -5316.0081351
1137 -5302.53366201
1138 -5285.98732237
1139 -5269.49273285
1140 -5253.24298496
1141 -5236.93153571
1142 -5228.7905766
1143 -5233.54612182
1144 -5251.736596
1145 -5274.86766169
1146 -5295.52940632
1147 -5309.59823781
1148 -5321.64001076
1149 -5332.5816881
1150 -5341.94598454
1151 -5349.78307342
1152 -5357.24693937
1153 -5364.22259747
1154 -5369.97873567
1155 -5374.70989928
1156 -5378.26677212
1157 -5380.12654423
1158 -5379.74429841
1159 -5377.57594263
1160 -5374.42227802
1161 -5370.77266437
1162 -5365.99235814
1163 -5360.32595552
1164 -5355.42130637
1165 -5352.61685061
1166 -5350.83909601
1167 -5350.65587572
1168 -5353.68326648
1169 -5361.11009985
1170 -5372.4279836
1171 -5387.49890608
1172 -5405.23402592
1173 -5427.11485548
1174 -5449.75846562
1175 -5466.76305975
1176 -5472.71452789
1177 -5467.92049124
1178 -5457.46283541
1179 -5446.39814518
1180 -5436.35023017
1181 -5425.54073731
1182 -5416.2353779
1183 -5410.84806354
1184 -5410.03357861
1185 -5412.64957545
1186 -5417.37841444
1187 -5423.3207345
1188 -5431.1859443
1189 -5439.52520118
1190 -5446.54531556
1191 -5451.22999296
1192 -5453.78984052
1193 -5454.20117027
1194 -5452.3799607
1195 -5446.46106402
1196 -5438.06819106
1197 -5430.46393736
1198 -5426.22511654
1199 -5424.76921324
1200 -5427.57074839
1201 -5434.97967246
1202 -5447.73027442
1203 -5463.89146827
1204 -5479.69620934
1205 -5492.2330783
1206 -5502.34518786
1207 -5509.94231912
1208 -5515.14695003
1209 -5518.71591645
1210 -5521.2382819
1211 -5522.32180687
1212 -5521.33025548
1213 -5518.30919457
1214 -5514.10275458
1215 -5509.47296233
1216 -5505.14070743
1217 -5500.68828352
1218 -5495.73631923
1219 -5490.61230906
1220 -5486.19153728
1221 -5482.760836
1222 -5480.03299126
1223 -5477.60024
1224 -5476.11340156
1225 -5474.18310453
1226 -5469.34528861
1227 -5460.60665743
1228 -5450.6475826
1229 -5441.52632311
1230 -5431.78294025
1231 -5416.91386514
1232 -5398.68625005
1233 -5382.22614975
1234 -5372.9903806
1235 -5369.41520247
1236 -5369.7049672
1237 -5372.42348529
1238 -5377.04184132
1239 -5383.59314276
1240 -5390.60933861
1241 -5397.28116549
1242 -5404.74355403
1243 -5413.15760358
1244 -5422.24626284
1245 -5432.28711047
1246 -5444.55696557
1247 -5457.74992953
1248 -5469.04568799
1249 -5476.81946357
1250 -5481.79811949
1251 -5484.6779396
1252 -5485.86806956
1253 -5484.39825189
1254 -5481.30214568
1255 -5478.04049826
1256 -5475.08204742
1257 -5471.47492914
1258 -5467.8246802
1259 -5465.18634895
1260 -5463.72202722
1261 -5464.45126786
1262 -5468.20602962
1263 -5474.9666999
1264 -5484.42703044
1265 -5491.15164037
1266 -5490.76837411
1267 -5481.29035592
1268 -5465.99714503
1269 -5449.40525832
1270 -5435.70308373
1271 -5424.76092377
1272 -5415.75852724
1273 -5408.57021713
1274 -5402.87094758
1275 -5399.94568672
1276 -5402.16866985
1277 -5409.13701593
1278 -5418.2821621
1279 -5427.17138497
1280 -5435.22678162
1281 -5442.22032439
1282 -5447.76526492
1283 -5451.71271908
1284 -5454.28197387
1285 -5454.91292495
1286 -5453.37117376
1287 -5451.21498507
1288 -5450.03467365
1289 -5448.87890045
1290 -5448.25715288
1291 -5449.71389891
1292 -5454.74402854
1293 -5462.86040423
1294 -5472.31721765
1295 -5482.03631053
1296 -5494.41673829
1297 -5509.08231111
1298 -5522.88545894
1299 -5533.52593609
1300 -5543.23916255
1301 -5551.13627534
1302 -5555.90750971
1303 -5556.72516542
1304 -5554.76681503
1305 -5552.08807401
1306 -5550.56188776
1307 -5549.71214674
1308 -5550.32722797
1309 -5553.64374806
1310 -5560.30843414
1311 -5570.07248089
1312 -5582.85608409
1313 -5597.80391264
1314 -5614.82223801
1315 -5633.18308458
1316 -5650.66888906
1317 -5665.04900951
1318 -5676.0884354
1319 -5683.4142629
1320 -5686.92465611
1321 -5686.36517233
1322 -5681.96044038
1323 -5675.39560895
1324 -5667.90309086
1325 -5657.73376838
1326 -5645.23970509
1327 -5632.72942692
1328 -5622.65788775
1329 -5614.49942679
1330 -5608.3992906
1331 -5604.09277705
1332 -5602.47547036
1333 -5602.85983561
1334 -5602.77359541
1335 -5600.21329073
1336 -5596.7590664
1337 -5592.06957355
1338 -5585.07211179
1339 -5575.16605082
1340 -5563.40611269
1341 -5549.5689259
1342 -5532.35340785
1343 -5507.70958256
1344 -5476.03083577
1345 -5440.9655229
1346 -5405.35265085
1347 -5364.51402823
1348 -5322.11438028
1349 -5284.64729194
1350 -5257.75508598
1351 -5240.56227604
1352 -5228.51584696
1353 -5213.21923096
1354 -5190.69266472
1355 -5163.44251327
1356 -5137.11807559
1357 -5111.93029183
1358 -5081.99886054
1359 -5059.64848214
1360 -5066.43462491
1361 -5128.11175053
1362 -5221.80441965
1363 -5306.11578302
1364 -5348.53895827
1365 -5365.61304303
1366 -5364.55856054
1367 -5352.26992381
1368 -5323.85206274
1369 -5282.49373387
1370 -5240.65270873
1371 -5206.13752672
1372 -5170.14921063
1373 -5140.08347324
1374 -5127.15133801
1375 -5138.21191952
1376 -5165.02973121
1377 -5195.50357406
1378 -5220.77875195
1379 -5244.27126602
1380 -5267.16969877
1381 -5288.48536
1382 -5306.69549257
1383 -5322.7317546
1384 -5338.63934399
1385 -5354.2144237
1386 -5369.64527578
1387 -5379.82305914
1388 -5381.51667341
1389 -5375.01700816
1390 -5364.12098846
1391 -5354.98112452
1392 -5351.35496068
1393 -5353.68695756
1394 -5360.41834043
1395 -5370.53766981
1396 -5382.94745976
1397 -5398.59795035
1398 -5416.44797418
1399 -5435.81089291
1400 -5458.61072004
1401 -5486.93216453
1402 -5516.41290218
1403 -5541.40411403
1404 -5563.86379199
1405 -5582.29477908
1406 -5591.05674874
1407 -5584.67638651
1408 -5564.21310019
1409 -5540.58378317
1410 -5523.531277
1411 -5512.27166451
1412 -5503.15325149
1413 -5498.49250772
1414 -5500.4449857
1415 -5507.44839145
1416 -5517.98046404
1417 -5531.2955841
1418 -5547.0622911
1419 -5564.33456366
1420 -5579.90901248
1421 -5591.36194239
1422 -5598.32735064
1423 -5601.4591161
1424 -5601.84713709
1425 -5600.00574773
1426 -5595.02586526
1427 -5590.01890622
1428 -5588.3657348
1429 -5591.18044915
1430 -5596.9800739
1431 -5605.11246109
1432 -5616.28625201
1433 -5633.22792536
1434 -5653.76491833
1435 -5674.05467591
1436 -5692.37628836
1437 -5709.79158784
1438 -5725.1842687
1439 -5737.86470578
1440 -5747.58501024
1441 -5754.9508118
1442 -5761.2294843
1443 -5767.8194108
1444 -5775.44407564
1445 -5784.80724505
1446 -5796.18366006
1447 -5811.36810882
1448 -5829.43525722
1449 -5847.87175039
1450 -5867.57881506
1451 -5894.28585009
1452 -5920.28510584
1453 -5933.09601499
1454 -5929.60528127
1455 -5910.29433846
1456 -5868.58432186
1457 -5794.6340941
1458 -5674.54853411
1459 -5542.31900847
1460 -5440.42373429
1461 -5392.3482142
1462 -5378.88921121
1463 -5381.61683112
1464 -5382.69897011
1465 -5386.2385618
1466 -5392.05385367
1467 -5392.47380644
1468 -5370.60550369
1469 -5322.03971507
1470 -5285.01551172
1471 -5299.38076142
1472 -5385.85119715
1473 -5501.60477196
1474 -5594.67542096
1475 -5629.34168146
1476 -5625.27825008
1477 -5598.87304911
1478 -5564.44737946
1479 -5526.34880391
1480 -5481.71341284
1481 -5430.21264199
1482 -5365.04144929
1483 -5273.43892781
1484 -5169.81496376
1485 -5077.37766241
1486 -5007.29703222
1487 -4949.92794953
1488 -4912.78574125
1489 -4906.56259933
1490 -4948.92954522
1491 -5015.77463111
1492 -5069.6720823
1493 -5090.07440568
1494 -5093.5909875
1495 -5079.47549426
1496 -5049.32293579
1497 -4998.11240117
1498 -4943.76378457
1499 -4909.66600398
1500 -4913.67839564
1501 -4951.04251624
1502 -4991.86128205
1503 -5007.02854426
1504 -4979.72248736
1505 -4929.93031564
1506 -4883.95802106
1507 -4863.04871688
1508 -4858.96367604
1509 -4869.18788369
1510 -4892.90885686
1511 -4933.26007186
1512 -4990.05862979
1513 -5052.38835257
1514 -5108.09522921
1515 -5159.09412151
1516 -5203.63899795
1517 -5237.85663102
1518 -5258.71055336
1519 -5265.28403028
1520 -5262.95909859
1521 -5258.68510919
1522 -5250.47026076
1523 -5240.52207146
1524 -5235.22192368
1525 -5238.87450701
1526 -5249.39604999
1527 -5268.39796382
1528 -5297.64807703
1529 -5339.81519768
1530 -5393.08838587
1531 -5452.35169775
1532 -5513.59166811
1533 -5580.5777065
1534 -5646.09367847
1535 -5701.47297882
1536 -5746.17470106
1537 -5780.94218718
1538 -5797.34114073
1539 -5788.70585984
1540 -5756.50949381
1541 -5704.26823352
1542 -5635.30906661
1543 -5546.99544496
1544 -5439.35720674
1545 -5329.70164528
1546 -5233.39130777
1547 -5146.05123926
1548 -5067.29746233
1549 -5002.48222157
1550 -4955.72250296
1551 -4925.62067075
1552 -4910.14299785
1553 -4906.78786393
1554 -4918.34940269
1555 -4941.37660857
1556 -4967.34154522
1557 -4989.60452114
1558 -5011.16428735
1559 -5026.11117978
1560 -5028.2826285
1561 -5015.24171317
1562 -4989.81789657
1563 -4956.02667358
1564 -4917.00812122
1565 -4867.81511133
1566 -4818.8833727
1567 -4783.60846931
1568 -4762.85489161
1569 -4742.98960964
1570 -4723.16986393
1571 -4721.92730875
1572 -4778.35766459
1573 -4869.68739099
1574 -4944.34444207
1575 -4958.29521344
1576 -4936.21093866
1577 -4900.89101168
1578 -4869.86418679
1579 -4831.42064344
1580 -4783.2784397
1581 -4734.17937564
1582 -4689.28965576
1583 -4643.20876179
1584 -4600.76185844
1585 -4567.96624594
1586 -4546.03056805
1587 -4532.86691021
1588 -4527.46814924
1589 -4529.79961866
1590 -4542.0045393
1591 -4559.90817172
1592 -4578.25786525
1593 -4596.6804413
1594 -4616.06006832
1595 -4633.44178098
1596 -4645.74772941
1597 -4652.16363936
1598 -4654.4226887
1599 -4654.48755286
1600 -4651.06612682
1601 -4643.94267936
1602 -4637.83623174
1603 -4636.86281401
1604 -4637.66218589
1605 -4642.49014526
1606 -4655.8771126
1607 -4680.35184974
1608 -4713.72502726
1609 -4755.36500736
1610 -4804.91522216
1611 -4863.41047331
1612 -4929.90575125
1613 -5001.69999356
1614 -5078.83985589
1615 -5162.51098753
1616 -5241.9917809
1617 -5307.42995025
1618 -5364.37137115
1619 -5410.65603527
1620 -5436.63192353
1621 -5433.58191144
1622 -5403.24091338
1623 -5354.0190995
1624 -5297.73675693
1625 -5232.07648119
1626 -5159.66979125
1627 -5096.62774308
1628 -5060.38556482
1629 -5054.54796408
1630 -5066.25630239
1631 -5077.96906757
1632 -5091.82131164
1633 -5119.90632577
1634 -5152.9112763
1635 -5162.31698114
1636 -5119.60435153
1637 -5034.02683547
1638 -4951.0482963
1639 -4928.99148297
1640 -4966.26259356
1641 -5029.58965161
1642 -5055.54966505
1643 -5007.29978196
1644 -4928.69255523
1645 -4890.87585948
1646 -4962.43634431
1647 -5119.82409008
1648 -5295.77770609
1649 -5413.58423609
1650 -5471.70907934
1651 -5492.27277748
1652 -5484.08390351
1653 -5435.64265732
1654 -5323.69594079
1655 -5200.2823824
1656 -5135.15392016
1657 -5166.29361149
1658 -5250.39732299
1659 -5325.32210673
1660 -5341.908413
1661 -5336.6862533
1662 -5322.99365338
1663 -5307.32742501
1664 -5297.09954608
1665 -5294.78755621
1666 -5294.32417196
1667 -5276.58060484
1668 -5230.86718311
1669 -5165.05096721
1670 -5101.02419983
1671 -5056.10125811
1672 -5031.29703105
1673 -5022.39295436
1674 -5000.79951002
1675 -4938.39719698
1676 -4862.99084263
1677 -4824.69243072
1678 -4877.38282002
1679 -4982.65836511
1680 -5052.43118016
1681 -5011.58095265
1682 -4862.53866611
1683 -4690.69229594
1684 -4575.06703148
1685 -4549.54751603
1686 -4574.46992715
1687 -4619.22323535
1688 -4655.92893916
1689 -4688.81983273
1690 -4718.83238264
1691 -4742.40868272
1692 -4756.38011072
1693 -4762.23851271
1694 -4767.02371279
1695 -4776.47052469
1696 -4791.30125295
1697 -4803.16630737
1698 -4806.03986198
1699 -4799.61504887
1700 -4790.17255159
1701 -4779.0871248
1702 -4765.02380737
1703 -4747.64368038
1704 -4728.36454426
1705 -4708.61421488
1706 -4689.27349157
1707 -4670.0528701
1708 -4651.11862604
1709 -4632.81124185
1710 -4614.89488437
1711 -4598.20598368
1712 -4583.72909375
1713 -4570.84768295
1714 -4558.62765901
1715 -4548.54851982
1716 -4542.23144474
1717 -4540.51374456
1718 -4542.79894562
1719 -4548.3728399
1720 -4557.30450845
1721 -4571.63582847
1722 -4588.1232753
1723 -4602.81929887
1724 -4614.63396901
1725 -4624.83034043
1726 -4633.03323529
1727 -4638.58376196
1728 -4640.34407352
1729 -4640.85761192
1730 -4643.52087417
1731 -4649.19313678
1732 -4657.01235277
1733 -4668.45957978
1734 -4685.01103557
1735 -4706.59083549
1736 -4732.06476164
1737 -4760.55927344
1738 -4792.46048542
1739 -4828.17754218
1740 -4866.26340853
1741 -4905.84412524
1742 -4949.30166502
1743 -4994.59955334
1744 -5038.68250033
1745 -5081.9784144
1746 -5126.54003547
1747 -5168.89987603
1748 -5206.1330549
1749 -5241.53042968
1750 -5274.6513869
1751 -5302.49321391
1752 -5322.87659466
1753 -5337.67421561
1754 -5347.47337771
1755 -5351.87803262
1756 -5348.5218691
1757 -5338.91894778
1758 -5326.48590018
1759 -5311.25166647
1760 -5290.52678898
1761 -5268.28858486
1762 -5248.48104914
1763 -5228.93783988
1764 -5208.60458035
1765 -5188.79241274
1766 -5170.74574287
1767 -5153.87122773
1768 -5137.69225659
1769 -5122.01117342
1770 -5106.79044889
1771 -5092.80269699
1772 -5081.20846651
1773 -5071.65731063
1774 -5061.95672984
1775 -5055.06091522
1776 -5054.93300752
1777 -5061.12134287
1778 -5073.0982539
1779 -5089.76355754
1780 -5109.31618142
1781 -5130.53371798
1782 -5148.2595566
1783 -5160.55347386
1784 -5172.7756264
1785 -5183.12047591
1786 -5185.58971295
1787 -5177.93697005
1788 -5165.72081717
1789 -5143.32989543
1790 -5103.5671215
1791 -5041.49326131
1792 -4973.31655316
1793 -4922.37365683
1794 -4898.93977425
1795 -4900.05079624
1796 -4918.89615916
1797 -4938.42826434
1798 -4931.23176784
1799 -4894.40490965
1800 -4852.2205774
1801 -4839.14718196
1802 -4853.04915204
1803 -4879.83803944
1804 -4909.17348019
1805 -4944.48382885
1806 -4998.48468836
1807 -5067.21774908
1808 -5129.79480193
1809 -5166.44129737
1810 -5165.63568963
1811 -5142.58384731
1812 -5120.63711719
1813 -5105.73088877
1814 -5094.66118369
1815 -5077.64617905
1816 -5058.84758496
1817 -5041.32168105
1818 -5025.94858182
1819 -5013.48854224
1820 -5004.64417612
1821 -4996.42221838
1822 -4985.3054219
1823 -4971.33777219
1824 -4953.53248075
1825 -4930.71888055
1826 -4901.39102976
1827 -4865.59811228
1828 -4824.94166023
1829 -4780.19660508
1830 -4728.00399964
1831 -4671.96166762
1832 -4616.93527856
1833 -4561.32135547
1834 -4503.02217729
1835 -4449.41099472
1836 -4407.10024031
1837 -4371.44712279
1838 -4346.00892524
1839 -4337.27495981
1840 -4349.48602493
1841 -4379.93681041
1842 -4425.38045256
1843 -4483.51295963
1844 -4560.74333467
1845 -4647.24556586
1846 -4729.16236445
1847 -4802.83159961
1848 -4873.8307228
1849 -4934.80585288
1850 -4976.13290292
1851 -4992.92666062
1852 -4989.13726347
1853 -4971.25533683
1854 -4938.61813884
1855 -4886.33863319
1856 -4826.0388217
1857 -4771.89426664
1858 -4725.28371334
1859 -4686.414592
1860 -4656.181058
1861 -4637.18949529
1862 -4631.98973817
1863 -4635.19518573
1864 -4641.72666738
1865 -4655.59397218
1866 -4677.08921307
1867 -4701.40261673
1868 -4718.00913599
1869 -4725.39257499
1870 -4738.82450961
1871 -4778.11832477
1872 -4850.45392806
1873 -4936.87153087
1874 -5013.7809229
1875 -5064.69758024
1876 -5096.16946186
1877 -5112.7838405
1878 -5124.58268166
1879 -5135.52832386
1880 -5147.94071751
1881 -5158.10679263
1882 -5150.20744232
1883 -5123.35737031
1884 -5106.25181862
1885 -5130.59066413
1886 -5197.89846215
1887 -5282.71930493
1888 -5361.75213491
1889 -5431.96323232
1890 -5499.75658419
1891 -5547.1330294
1892 -5563.47685697
1893 -5558.41120176
1894 -5546.73357342
1895 -5534.04532437
1896 -5518.45268784
1897 -5494.54212893
1898 -5462.67548337
1899 -5423.71274329
1900 -5375.54997986
1901 -5321.61218569
1902 -5266.70914859
1903 -5211.90628253
1904 -5154.57520775
1905 -5099.29362348
1906 -5052.44494483
1907 -5015.65405715
1908 -4988.79409689
1909 -4972.84252169
1910 -4978.8148871
1911 -5010.7831708
1912 -5045.46154118
1913 -5054.09937884
1914 -5029.2521905
1915 -4992.37317646
1916 -4961.75400253
1917 -4931.15518908
1918 -4882.96856403
1919 -4843.45232398
1920 -4850.68212641
1921 -4932.50583529
1922 -5040.12110227
1923 -5106.32901951
1924 -5081.37014579
1925 -4993.384164
1926 -4886.39817365
1927 -4808.38060305
1928 -4748.26764148
1929 -4711.85334235
1930 -4708.42852014
1931 -4748.46862217
1932 -4818.38251808
1933 -4876.90347326
1934 -4893.34796653
1935 -4878.1784937
1936 -4853.54332988
1937 -4832.70700387
1938 -4817.01094789
1939 -4799.70795879
1940 -4779.38360092
1941 -4755.1481911
1942 -4725.00450303
1943 -4690.64616758
1944 -4655.07391887
1945 -4617.4910987
1946 -4576.84411396
1947 -4538.2543472
1948 -4505.91423997
1949 -4475.99513396
1950 -4450.89586301
1951 -4435.25813992
1952 -4431.74495174
1953 -4438.07074727
1954 -4452.46264571
1955 -4474.52062857
1956 -4508.11337154
1957 -4546.55680467
1958 -4581.40348441
1959 -4612.56174398
1960 -4642.81694563
1961 -4666.1844762
1962 -4677.27360147
1963 -4677.49606603
1964 -4669.63767594
1965 -4656.14298257
1966 -4635.40892215
1967 -4607.84943373
1968 -4579.42612232
1969 -4556.50271324
1970 -4539.03104012
1971 -4527.49608058
1972 -4520.81248092
1973 -4521.37599665
1974 -4528.83726185
1975 -4533.43543266
1976 -4519.72063993
1977 -4479.32697853
1978 -4424.76537041
1979 -4377.21194453
1980 -4353.00807806
1981 -4349.98899672
1982 -4359.17563658
1983 -4351.32196013
1984 -4305.73858259
1985 -4261.38737724
1986 -4263.06476801
1987 -4327.86565673
1988 -4406.98465853
1989 -4466.5601984
1990 -4504.5883098
1991 -4554.53886513
1992 -4609.05969479
1993 -4649.95703718
1994 -4672.08311117
1995 -4686.09184807
1996 -4699.14558093
1997 -4714.37909568
1998 -4729.47162553
1999 -4744.04999724
2000 -4756.92452754
2001 -4768.31046768
2002 -4776.21569581
2003 -4777.4531679
2004 -4769.40061239
2005 -4752.64013542
2006 -4729.35776948
2007 -4702.27960231
2008 -4668.53032915
2009 -4632.28756616
2010 -4601.89854224
2011 -4582.65223762
2012 -4571.49606518
2013 -4569.93411918
2014 -4579.19736377
2015 -4602.88057034
2016 -4637.51790562
2017 -4675.26530136
2018 -4710.13288262
2019 -4744.08070779
2020 -4774.16409924
2021 -4799.75089631
2022 -4823.91398244
2023 -4845.43596708
2024 -4859.04354547
2025 -4854.3658054
2026 -4829.23255148
2027 -4802.20502754
2028 -4798.07501229
2029 -4830.21883731
2030 -4886.49067535
2031 -4940.83921635
2032 -4960.28254158
2033 -4947.35945967
2034 -4928.14363894
2035 -4940.42309685
2036 -4997.70157531
2037 -5069.55670718
2038 -5115.14994463
2039 -5099.9712623
2040 -5049.03133618
2041 -5012.46831029
2042 -5031.43262026
2043 -5099.37223128
2044 -5184.23980194
2045 -5259.41235188
2046 -5322.72326336
2047 -5378.01246335
2048 -5412.350261
2049 -5422.95794906
2050 -5419.50737733
2051 -5418.76483093
2052 -5424.37018557
2053 -5432.56047127
2054 -5439.46922789
2055 -5439.0510374
2056 -5420.7052839
2057 -5375.07616583
2058 -5302.28555836
2059 -5214.91464759
2059.6444925 -5151.945338
